Timestamp,TVE_VA,ME_VA,PE_VA,TVE_VB,ME_VB,PE_VB,TVE_VC,ME_VC,PE_VC,TVE_Vp,ME_Vp,PE_Vp,TVE_IA,ME_IA,PE_IA,TVE_IB,ME_IB,PE_IB,TVE_IC,ME_IC,PE_IC,TVE_Ip,ME_Ip,PE_Ip,FE,RFE,Timestamp,PMU_VA_real,PMU_VA_imag,PMU_VB_real,PMU_VB_imag,PMU_VC_real,PMU_VC_imag,PMU_Vp_real,PMU_Vp_imag,PMU_IA_real,PMU_IA_imag,PMU_IB_real,PM_ IB_imag,PMU_IC_real,PMU_IC_imag,PMU_Ip_real,PMU_Ip_imag,PMU_FREQ,PMU_ROCOF,Timestamp,REF_VA_real,REF_VA_imag,REF_VB_real,REF_VB_imag,REF_VC_real,REF_VC_imag,REF_Vp_real,REF_Vp_imag,REF_IA_real,REF_IA_imag,REF_IB_real,REF_IB_imag,REF_IC_real,REF_IC_imag,REF_Ip_real,PMU_Ip_imag,REF_FREQ,REF_ROCOF,I Freq,I_VA_real,I_VA_imag,I_VB_real,I_VB_imag,I_ VC_real,I_VC_imag,I_IA_real,I_IA_imag,I_IB_real,I_IB_imag,I_IC_real,I_IC_imag
3712076171.100000,0.156687,0.029197,0.001539,0.161717,0.028497,0.001592,0.169260,0.030671,0.001664,0.162576,0.029462,0.001599,157.680741,-18.237199,4.188664,251.561463,53.963902,-3.423383,159.879760,-23.967731,-2.269453,118.712195,15.519836,5.124409,0.000106,0.000618,3712076171.100000,69.582726,-1.506133,-36.066082,-59.475651,-33.813011,61.583748,69.787598,-1.503799,0.000007,0.000040,-0.000041,-0.000017,0.000008,-0.000019,-0.000019,0.000017,50.000134,0.000617,3712076171.100000,69.560015,-1.612763,-36.150398,-59.401243,-33.700133,61.621039,69.764551,-1.614884,-0.000047,-0.000016,0.000023,0.000018,0.000012,0.000023,-0.000020,-0.000009,50.000027,-0.000001,72.500000,0.234850,6.950628,5.897699,-3.675947,-6.194843,-3.302666,-0.000007,0.000014,0.000058,-0.000019,-0.000004,0.000005
3712076171.120000,0.156005,0.027767,0.001535,0.160310,0.029985,0.001575,0.172610,0.032138,0.001696,0.163004,0.029966,0.001602,164.065299,-35.272208,-2.957889,202.125350,115.683787,-1.199157,241.545088,122.571245,-1.543972,60.926368,-2.390982,-0.626396,-0.000045,0.000574,3712076171.120000,69.582253,-1.506126,-36.067451,-59.476463,-33.815411,61.583965,69.788361,-1.503401,0.000044,-0.000002,-0.000005,-0.000054,0.000003,-0.000036,-0.000015,0.000021,49.999958,0.000556,3712076171.120000,69.560544,-1.612481,-36.150217,-59.401787,-33.700107,61.621412,69.764957,-1.614717,-0.000066,0.000015,0.000023,-0.000011,0.000016,0.000001,-0.000025,0.000008,50.000003,-0.000018,72.500000,-2.371254,-6.538166,-4.473799,5.317802,6.911998,1.226264,0.000009,-0.000017,-0.000025,0.000045,-0.000008,-0.000005
3712076171.140000,0.154265,0.027031,0.001519,0.160172,0.031210,0.001571,0.175328,0.030510,0.001726,0.163286,0.029586,0.001606,72.293622,-49.459588,-5.523367,312.499905,235.888592,-5.096357,169.288845,48.021726,-1.460735,74.971208,-56.698065,-5.519341,0.000054,-0.002097,3712076171.140000,69.581604,-1.507350,-36.068081,-59.476391,-33.816357,61.581989,69.787819,-1.503400,-0.000038,-0.000017,-0.000035,-0.000008,-0.000028,-0.000025,-0.000013,-0.000009,50.000076,-0.002105,3712076171.140000,69.560432,-1.612578,-36.150178,-59.401124,-33.699718,61.621473,69.764674,-1.614971,-0.000078,0.000028,-0.000006,0.000009,0.000015,-0.000020,-0.000036,0.000005,50.000022,-0.000009,72.500000,4.275822,5.485612,2.611174,-6.440321,-6.952429,0.969649,0.000011,-0.000001,0.000026,-0.000035,-0.000001,-0.000018
3712076171.160000,0.153017,0.029833,0.001501,0.161631,0.030750,0.001587,0.174020,0.028279,0.001717,0.162907,0.029620,0.001602,85.948066,-78.315949,-0.779990,137.994176,-21.806154,4.524043,143.356704,-21.362582,-1.852181,133.693288,-60.999312,3.760604,-0.000108,0.001014,3712076171.160000,69.583229,-1.508270,-36.067173,-59.477207,-33.815834,61.581013,69.788078,-1.503297,-0.000013,0.000019,-0.000017,0.000020,-0.000024,-0.000020,0.000011,0.000008,49.999893,0.000998,3712076171.160000,69.560136,-1.612203,-36.150375,-59.401644,-33.700530,61.621552,69.764917,-1.614595,-0.000105,0.000021,-0.000020,-0.000027,0.000033,-0.000022,-0.000036,-0.000000,50.000002,-0.000016,72.500000,-5.761604,-3.895292,-0.493484,6.932164,6.312734,-3.069664,-0.000023,-0.000017,-0.000026,0.000010,0.000014,-0.000010
3712076171.180000,0.153931,0.029435,0.001511,0.161999,0.029016,0.001594,0.169935,0.027882,0.001676,0.161971,0.028782,0.001594,133.642564,-57.851598,3.906109,114.242160,-65.866074,1.850724,600.584595,505.100361,-1.442827,197.972448,14.914131,3.943075,-0.000010,-0.001545,3712076171.180000,69.582932,-1.508116,-36.066196,-59.475994,-33.813057,61.582191,69.787346,-1.504164,0.000017,0.000038,0.000011,-0.000015,-0.000056,-0.000004,-0.000003,0.000033,50.000000,-0.001547,3712076171.180000,69.560099,-1.612757,-36.150440,-59.401209,-33.700396,61.621597,69.764781,-1.614917,-0.000091,-0.000037,-0.000051,-0.000020,-0.000001,-0.000009,-0.000019,-0.000022,50.000010,-0.000001,72.500000,6.682617,1.924541,-1.673627,-6.745330,-5.055728,4.871020,0.000006,0.000027,0.000012,-0.000008,-0.000036,0.000029
3712076171.200000,0.156330,0.027971,0.001538,0.161492,0.027397,0.001591,0.169241,0.029804,0.001666,0.162375,0.028397,0.001598,127.098363,-57.804406,4.167592,219.859723,21.679531,2.883907,105.093123,96.702281,0.294458,284.098705,84.152914,3.100690,-0.000001,0.002593,3712076171.200000,69.581879,-1.505886,-36.065647,-59.475365,-33.813278,61.583340,69.787086,-1.503495,0.000003,0.000043,0.000054,-0.000009,-0.000054,-0.000021,0.000034,0.000034,50.000019,0.002593,3712076171.200000,69.560024,-1.612441,-36.150340,-59.401624,-33.700607,61.621212,69.764783,-1.614589,-0.000091,-0.000047,-0.000045,-0.000005,-0.000029,-0.000002,-0.000017,-0.000019,50.000020,0.000000,72.500000,-6.950889,0.234631,3.675100,5.897791,3.302385,-6.194781,0.000011,-0.000023,-0.000023,0.000007,0.000049,-0.000004
3712076171.220000,0.154438,0.025792,0.001522,0.159019,0.028705,0.001564,0.172607,0.030635,0.001698,0.162052,0.028379,0.001595,108.686133,-74.022066,4.491602,46.185592,-16.470584,-5.806569,188.429777,135.398158,5.400698,115.429409,-0.063968,-1.230914,-0.000039,-0.000646,3712076171.220000,69.580925,-1.507230,-36.067589,-59.474957,-33.814808,61.583099,69.787155,-1.504088,-0.000002,0.000015,-0.000057,-0.000029,-0.000028,0.000019,-0.000024,-0.000004,49.999962,-0.000659,3712076171.220000,69.560609,-1.612749,-36.150177,-59.401428,-33.699842,61.621564,69.764868,-1.614956,-0.000054,-0.000021,-0.000076,0.000001,-0.000014,-0.000004,-0.000004,-0.000024,50.000001,-0.000013,72.500000,6.537895,-2.371404,-5.318409,-4.474054,-1.226507,6.911398,-0.000027,-0.000003,0.000067,-0.000010,-0.000038,0.000051
3712076171.240000,0.152528,0.025814,0.001503,0.160186,0.030516,0.001572,0.174908,0.029491,0.001724,0.162572,0.028614,0.001600,165.070100,-24.203217,2.432272,38.374114,-32.117262,6.027592,155.928264,50.057191,1.293925,86.452183,61.367728,0.484071,0.000069,0.000994,3712076171.240000,69.580460,-1.508009,-36.067764,-59.476128,-33.816120,61.581345,69.787086,-1.503533,0.000031,-0.000021,-0.000043,0.000008,0.000003,-0.000027,0.000005,-0.000022,50.000092,0.000990,3712076171.240000,69.560158,-1.612176,-36.150202,-59.401218,-33.699979,61.621372,69.764629,-1.614736,-0.000049,-0.000005,-0.000065,-0.000005,-0.000017,-0.000007,-0.000003,-0.000014,50.000022,-0.000004,72.500000,-5.484805,4.275806,6.440522,2.611331,-0.968909,-6.952291,0.000023,-0.000003,-0.000046,0.000038,0.000015,-0.000073
3712076171.260000,0.153712,0.028206,0.001511,0.161776,0.031402,0.001587,0.173591,0.027692,0.001713,0.163042,0.029098,0.001604,156.024549,92.752190,-0.937648,231.852051,53.736506,-3.999025,50.758693,-39.841138,5.874868,504.134230,476.930874,0.693983,-0.000008,-0.001053,3712076171.260000,69.582397,-1.507724,-36.067326,-59.477276,-33.814945,61.581196,69.787750,-1.503434,0.000002,0.000058,0.000060,-0.000076,-0.000028,0.000009,0.000031,0.000042,49.999981,-0.001073,3712076171.260000,69.560420,-1.612393,-36.150303,-59.401318,-33.700048,61.621981,69.764949,-1.614903,-0.000024,0.000019,-0.000063,0.000003,-0.000049,-0.000004,0.000009,0.000002,49.999989,-0.000020,72.500000,3.894915,-5.761030,-6.932552,-0.493228,3.069987,6.313254,-0.000014,-0.000008,0.000011,-0.000045,0.000039,0.000067
3712076171.280000,0.155333,0.030699,0.001522,0.163498,0.028711,0.001609,0.171111,0.027950,0.001688,0.163322,0.029116,0.001607,165.812866,-10.139726,-2.122447,167.775730,23.741778,-1.685669,72.461780,-24.942617,-0.807006,352.554765,168.041312,3.798587,0.000014,-0.000292,3712076171.280000,69.583504,-1.507041,-36.065331,-59.476360,-33.813850,61.581570,69.787445,-1.503161,0.000023,-0.000005,0.000064,0.000067,-0.000003,0.000020,-0.000025,0.000024,50.000038,-0.000292,3712076171.280000,69.559774,-1.612482,-36.150622,-59.401187,-33.700440,61.621332,69.764627,-1.614825,-0.000009,0.000025,-0.000060,0.000046,-0.000021,0.000015,0.000002,-0.000013,50.000024,0.000000,72.500000,-1.924694,6.683188,6.744976,-1.673134,-4.871348,-5.054696,0.000009,-0.000022,0.000031,0.000044,-0.000009,-0.000043
3712076171.300000,0.155931,0.029576,0.001531,0.161213,0.027948,0.001587,0.170962,0.031070,0.001681,0.162726,0.029539,0.001600,238.773394,43.255328,-3.532417,188.579920,16.665081,-2.108564,120.157752,42.271507,-0.981962,151.562687,-11.775687,4.413972,-0.000094,-0.000057,3712076171.300000,69.583282,-1.506548,-36.066208,-59.475689,-33.814392,61.583889,69.788086,-1.503592,0.000010,-0.000052,0.000072,0.000013,0.000012,-0.000014,-0.000007,0.000016,49.999908,-0.000069,3712076171.300000,69.560321,-1.612586,-36.150476,-59.401757,-33.700358,61.621494,69.764983,-1.614773,-0.000020,0.000031,-0.000041,0.000047,0.000013,0.000002,-0.000015,-0.000013,50.000002,-0.000012,72.500000,-0.235240,-6.950957,-5.898537,3.675168,6.194117,3.302026,-0.000010,0.000018,-0.000036,-0.000032,-0.000000,0.000013
3712076171.320000,0.156266,0.027344,0.001538,0.159858,0.029053,0.001572,0.173276,0.033426,0.001700,0.163161,0.029949,0.001604,78.395159,77.817449,0.071255,117.387984,11.258545,-1.174048,123.826141,-51.168682,1.877479,186.151805,-12.314604,3.397995,0.000058,-0.000378,3712076171.320000,69.581711,-1.506146,-36.067364,-59.475307,-33.815792,61.584385,69.788017,-1.503534,0.000038,0.000071,0.000028,0.000073,0.000003,0.000020,0.000003,0.000017,50.000088,-0.000387,3712076171.320000,69.560291,-1.612743,-36.150295,-59.401288,-33.699789,61.621183,69.764622,-1.614964,0.000024,0.000038,-0.000051,0.000048,0.000037,-0.000018,-0.000009,-0.000018,50.000029,-0.000009,72.500000,2.371497,6.537922,4.473482,-5.318614,-6.911665,-1.226918,0.000023,-0.000036,0.000029,0.000034,-0.000005,0.000001
3712076171.340000,0.153731,0.027588,0.001512,0.160703,0.030597,0.001577,0.174574,0.030859,0.001718,0.163037,0.029685,0.001603,190.268861,27.477499,1.971789,163.399197,-32.606138,-3.588093,73.868818,25.606820,-0.628531,148.881506,19.273209,4.798870,-0.000055,0.000470,3712076171.340000,69.581947,-1.507475,-36.067513,-59.476883,-33.816391,61.582573,69.788155,-1.503282,-0.000054,0.000025,-0.000006,-0.000052,0.000019,-0.000014,-0.000018,0.000009,49.999947,0.000455,3712076171.340000,69.560398,-1.612247,-36.150225,-59.401741,-33.700144,61.621562,69.764946,-1.614663,0.000034,0.000031,-0.000025,0.000073,0.000019,-0.000000,-0.000009,-0.000014,50.000001,-0.000014,72.500000,-4.275400,-5.484994,-2.611184,6.440470,6.952952,-0.968831,-0.000016,0.000036,-0.000039,-0.000011,-0.000014,-0.000004
3712076171.360000,0.152588,0.029198,0.001497,0.162234,0.031017,0.001592,0.173807,0.026089,0.001718,0.162877,0.028760,0.001603,203.508392,80.504923,-1.538482,146.137953,-50.689905,-2.702102,124.851340,16.412838,-1.221685,27.912883,-27.747694,-0.035675,0.000008,-0.001391,3712076171.360000,69.582794,-1.508916,-36.066841,-59.477108,-33.814651,61.579800,69.787300,-1.503573,0.000025,-0.000048,0.000035,0.000014,0.000018,-0.000020,0.000014,-0.000019,50.000019,-0.001396,3712076171.360000,69.560147,-1.612641,-36.150280,-59.401184,-33.700006,61.621731,69.764736,-1.614971,0.000027,0.000013,-0.000077,0.000004,0.000021,0.000009,0.000020,-0.000026,50.000011,-0.000005,72.500000,5.760949,3.895920,0.492693,-6.931960,-6.313109,3.070772,-0.000008,-0.000026,0.000054,-0.000004,0.000005,-0.000028
3712076171.380000,0.154213,0.031904,0.001509,0.162323,0.029436,0.001596,0.170504,0.027281,0.001683,0.162341,0.029537,0.001596,56.120990,-7.746061,-0.587099,161.796630,-26.825266,-2.403232,92.400136,-68.071434,-1.171657,52.154848,-50.733041,-0.172529,-0.000086,0.001968,3712076171.380000,69.584282,-1.507902,-36.066204,-59.476757,-33.813686,61.581387,69.787888,-1.503652,0.000026,-0.000029,0.000035,0.000019,0.000011,-0.000009,0.000006,-0.000019,49.999920,0.001960,3712076171.380000,69.559736,-1.612355,-36.150447,-59.401631,-33.700812,61.621391,69.764792,-1.614560,0.000041,-0.000011,-0.000053,0.000012,0.000039,0.000022,0.000019,-0.000036,50.000006,-0.000008,72.500000,-6.683348,-1.924579,1.672724,6.745068,5.054681,-4.870291,0.000038,0.000023,-0.000043,0.000018,-0.000005,0.000038
3712076171.400000,0.155736,0.029826,0.001528,0.160934,0.028880,0.001583,0.170061,0.030531,0.001673,0.162266,0.029751,0.001595,166.310460,-33.141201,-2.976102,165.344992,-21.955326,2.375482,534.176039,473.959591,1.080189,141.166931,-37.620495,-2.075885,0.000040,-0.001097,3712076171.400000,69.583374,-1.507121,-36.066586,-59.475697,-33.813374,61.583694,69.787956,-1.504154,-0.000021,-0.000026,0.000040,0.000014,0.000018,-0.000008,-0.000002,-0.000020,50.000046,-0.001109,3712076171.400000,69.560243,-1.612983,-36.150250,-59.401374,-33.700025,61.621355,69.764713,-1.614977,0.000038,0.000033,-0.000025,-0.000049,0.000000,-0.000003,0.000030,0.000013,50.000006,-0.000012,72.500000,6.950184,-0.234967,-3.676206,-5.898330,-3.303093,6.193938,-0.000032,-0.000014,0.000043,-0.000031,-0.000003,-0.000000
3712076171.420000,0.155864,0.028182,0.001533,0.160602,0.029460,0.001579,0.172998,0.031807,0.001700,0.163185,0.029823,0.001604,326.736001,184.579112,1.851567,249.850360,82.027288,-4.153906,101.018860,22.475772,0.922264,161.476592,161.467235,0.010751,0.000022,0.001700,3712076171.420000,69.581993,-1.506350,-36.067001,-59.476067,-33.815598,61.583164,69.787888,-1.503225,0.000001,0.000050,-0.000033,-0.000001,0.000016,-0.000017,-0.000014,0.000006,50.000046,0.001689,3712076171.420000,69.559999,-1.612544,-36.150192,-59.401560,-33.700125,61.620970,69.764581,-1.614690,0.000017,-0.000005,0.000009,0.000016,-0.000003,-0.000018,-0.000005,0.000002,50.000024,-0.000011,72.500000,-6.537562,2.371034,5.318293,4.473226,1.227109,-6.911957,0.000004,-0.000012,-0.000029,0.000049,-0.000012,-0.000009
3712076171.440000,0.153387,0.027357,0.001509,0.159880,0.030716,0.001569,0.174870,0.030136,0.001722,0.162747,0.029408,0.001600,22.684017,-4.587355,0.227924,198.746155,0.300273,3.390896,89.090724,-60.901158,5.189588,67.748636,-30.967501,0.742152,-0.000052,-0.001898,3712076171.440000,69.581787,-1.508150,-36.067993,-59.476330,-33.816006,61.582111,69.787827,-1.503773,-0.000034,0.000040,-0.000012,0.000032,-0.000013,0.000000,-0.000018,0.000014,49.999943,-0.001917,3712076171.440000,69.560402,-1.612711,-36.150150,-59.401428,-33.699738,61.621691,69.764814,-1.614987,-0.000025,0.000049,0.000004,-0.000034,-0.000016,-0.000030,-0.000005,0.000032,49.999994,-0.000018,72.500000,5.485059,-4.275224,-6.440552,-2.611038,0.969339,6.952634,0.000025,0.000015,-0.000017,-0.000040,0.000007,0.000005
3712076171.460000,0.152871,0.029083,0.001501,0.162000,0.030490,0.001591,0.173803,0.028011,0.001715,0.162912,0.029196,0.001603,71.628386,-55.132946,0.696675,301.774783,162.935722,1.799705,98.493988,97.214906,0.112724,14.699305,-10.423717,-0.109561,0.000018,0.000890,3712076171.460000,69.582268,-1.508512,-36.066769,-59.476749,-33.815235,61.580669,69.787361,-1.503452,-0.000030,0.000003,0.000030,0.000009,0.000002,-0.000032,-0.000013,0.000021,50.000038,0.000886,3712076171.460000,69.559696,-1.612455,-36.150317,-59.401188,-33.700131,61.621314,69.764493,-1.614814,-0.000046,0.000049,0.000001,-0.000012,-0.000001,-0.000016,-0.000017,0.000021,50.000020,-0.000005,72.500000,-3.895573,5.761566,6.931791,0.493202,-3.070395,-6.312122,-0.000023,-0.000010,0.000026,0.000047,0.000001,-0.000018
3712076171.480000,0.154753,0.030414,0.001517,0.161464,0.029066,0.001588,0.170490,0.027883,0.001682,0.162246,0.029115,0.001596,63.014467,-50.734618,-5.744210,198.138759,9.126520,2.489748,78.570106,-46.531882,-0.895418,55.877554,-53.541667,0.235094,-0.000075,0.000406,3712076171.480000,69.583496,-1.507667,-36.066605,-59.476143,-33.813427,61.581917,69.787621,-1.503954,-0.000030,-0.000013,0.000015,0.000006,-0.000029,-0.000005,-0.000014,0.000005,49.999916,0.000395,3712076171.480000,69.559972,-1.612741,-36.150501,-59.401528,-33.700419,61.621512,69.764820,-1.614856,-0.000066,0.000008,-0.000008,-0.000012,-0.000026,-0.000048,-0.000027,0.000018,49.999991,-0.000011,72.500000,1.923885,-6.683081,-6.745596,1.673029,4.870050,5.055208,0.000019,-0.000015,-0.000050,-0.000040,0.000017,-0.000009
3712076171.500000,0.156885,0.029187,0.001541,0.161271,0.028029,0.001588,0.170266,0.030286,0.001675,0.162828,0.029172,0.001602,71.916049,-42.125805,-0.786270,193.711982,79.089140,1.443460,120.119212,-79.298835,2.880661,69.426170,-61.655480,-0.521288,0.000092,0.000321,3712076171.500000,69.582489,-1.506144,-36.066174,-59.475204,-33.813572,61.583012,69.787285,-1.503620,-0.000023,0.000043,0.000014,-0.000018,0.000006,0.000015,-0.000010,0.000016,50.000122,0.000321,3712076171.500000,69.559783,-1.612914,-36.150439,-59.401209,-33.700151,61.620909,69.764435,-1.614925,-0.000080,0.000024,-0.000009,-0.000009,-0.000010,-0.000075,-0.000043,0.000023,50.000030,-0.000000,72.500000,0.234751,6.950579,5.897552,-3.676062,-6.194828,-3.302752,0.000001,0.000038,0.000043,-0.000001,-0.000025,0.000004
3712076171.520000,0.156017,0.026908,0.001537,0.160022,0.028917,0.001574,0.173143,0.033184,0.001699,0.163086,0.029677,0.001603,140.020754,-39.558455,-4.197511,54.012870,40.836915,-0.298999,144.033138,-55.006545,3.390607,123.675486,-37.154817,1.678099,-0.000042,-0.000268,3712076171.520000,69.581345,-1.506070,-36.067177,-59.475685,-33.815975,61.584354,69.787994,-1.503335,0.000021,-0.000038,-0.000024,0.000020,-0.000016,0.000014,0.000008,-0.000023,49.999962,-0.000282,3712076171.520000,69.560231,-1.612551,-36.150272,-59.401678,-33.700108,61.621272,69.764790,-1.614751,-0.000072,0.000001,-0.000020,0.000008,0.000026,-0.000038,-0.000038,-0.000008,50.000004,-0.000014,72.500000,-2.371176,-6.538179,-4.473647,5.317932,6.911952,1.226281,-0.000019,-0.000026,-0.000026,0.000026,0.000011,0.000012
3712076171.540000,0.154491,0.025495,0.001524,0.160814,0.030335,0.001579,0.174976,0.031021,0.001722,0.163456,0.028956,0.001608,68.063489,-23.795014,0.747794,53.030874,-13.643448,-0.558693,94.918153,-31.563380,1.143345,76.895579,-10.833768,0.829813,0.000044,-0.001844,3712076171.540000,69.580276,-1.507042,-36.067230,-59.476013,-33.816170,61.582333,69.787193,-1.503226,-0.000029,-0.000045,-0.000013,0.000033,0.000024,-0.000006,-0.000011,-0.000033,50.000069,-0.001849,3712076171.540000,69.560165,-1.612637,-36.150133,-59.400969,-33.699635,61.621350,69.764484,-1.615007,-0.000069,-0.000018,-0.000033,0.000024,0.000006,-0.000035,-0.000036,-0.000015,50.000025,-0.000006,72.500000,4.275702,5.485444,2.611014,-6.440480,-6.952447,0.969453,0.000010,0.000005,0.000012,-0.000024,0.000002,-0.000034
3712076171.560000,0.153479,0.028588,0.001508,0.161903,0.031688,0.001587,0.172885,0.027566,0.001706,0.162767,0.029272,0.001601,45.372923,-10.317852,-5.812279,81.973613,81.338155,0.075668,57.326766,-50.168937,0.395522,44.536788,-20.070037,0.448454,-0.000136,0.001310,3712076171.560000,69.582130,-1.507721,-36.067410,-59.477573,-33.814857,61.580826,69.787636,-1.503371,-0.000051,-0.000015,-0.000014,0.000035,0.000026,0.000008,-0.000019,-0.000023,49.999866,0.001295,3712076171.560000,69.559892,-1.612168,-36.150327,-59.401419,-33.700431,61.621454,69.764718,-1.614619,-0.000058,0.000011,-0.000006,0.000020,0.000054,-0.000006,-0.000035,-0.000016,50.000002,-0.000014,72.500000,-5.761472,-3.895185,-0.493437,6.932280,6.312762,-3.069547,0.000002,0.000004,-0.000026,0.000022,0.000021,0.000014
3712076171.580000,0.154274,0.029911,0.001513,0.161846,0.029635,0.001591,0.169861,0.026750,0.001677,0.161998,0.028759,0.001594,164.058169,-35.902692,3.186360,178.690093,6.426109,-4.190903,79.620516,-79.148805,0.189805,118.762799,-71.221890,2.176397,0.000024,-0.000502,3712076171.580000,69.583023,-1.507982,-36.066601,-59.476067,-33.812691,61.581295,69.787140,-1.504180,0.000030,0.000013,-0.000028,-0.000014,0.000016,0.000014,0.000014,0.000001,50.000031,-0.000506,3712076171.580000,69.559855,-1.612794,-36.150460,-59.401011,-33.700345,61.621435,69.764590,-1.614956,-0.000047,-0.000018,0.000001,0.000029,0.000088,0.000050,-0.000024,-0.000044,50.000007,-0.000004,72.500000,6.682466,1.924595,-1.673744,-6.745432,-5.055761,4.870942,-0.000017,-0.000014,-0.000010,-0.000006,-0.000030,-0.000002
3712076171.600000,0.155995,0.029068,0.001532,0.162006,0.026084,0.001599,0.169806,0.029902,0.001671,0.162614,0.028352,0.001601,73.857474,24.282561,-5.646827,177.514766,-3.218458,-4.034134,117.069604,-82.779852,-3.284832,65.472713,-61.677175,-0.356756,0.000033,0.002224,3712076171.600000,69.582321,-1.506319,-36.064884,-59.474815,-33.813698,61.583012,69.786919,-1.503335,-0.000023,-0.000016,-0.000035,-0.000016,-0.000011,-0.000012,-0.000007,-0.000011,50.000050,0.002222,3712076171.600000,69.559711,-1.612477,-36.150492,-59.401587,-33.700651,61.621012,69.764643,-1.614604,-0.000023,0.000001,0.000010,0.000038,0.000054,0.000079,-0.000007,-0.000032,50.000016,-0.000002,72.500000,-6.950686,0.234572,3.675215,5.897883,3.302409,-6.194632,0.000046,-0.000000,0.000031,-0.000016,0.000039,-0.000041
3712076171.620000,0.155568,0.025679,0.001534,0.160240,0.026367,0.001580,0.172424,0.030976,0.001696,0.162772,0.027688,0.001604,447.362502,420.622659,0.680758,129.134784,-53.245425,2.071617,76.646099,-72.002414,0.501784,67.463325,-57.460829,-0.548842,0.000013,-0.002666,3712076171.620000,69.580605,-1.506500,-36.065899,-59.474190,-33.814762,61.583210,69.786575,-1.503517,-0.000036,0.000003,-0.000015,0.000006,-0.000012,0.000026,0.000003,-0.000008,50.000015,-0.002683,3712076171.620000,69.560349,-1.612831,-36.150312,-59.401456,-33.699834,61.621381,69.764758,-1.614990,-0.000005,0.000005,0.000026,0.000022,0.000007,0.000101,0.000016,-0.000013,50.000003,-0.000017,72.500000,6.537827,-2.371385,-5.318579,-4.474091,-1.226662,6.911249,-0.000047,-0.000001,-0.000015,0.000011,-0.000021,0.000026
3712076171.640000,0.154244,0.026257,0.001520,0.160579,0.028954,0.001579,0.175228,0.029307,0.001727,0.163384,0.028169,0.001609,177.267397,9.569104,4.268129,307.610943,112.283312,-2.770083,85.178691,-71.792696,-0.892407,137.136639,-62.831690,3.093242,-0.000012,0.000306,3712076171.640000,69.580498,-1.507056,-36.066933,-59.475655,-33.816364,61.580925,69.786736,-1.502914,-0.000034,0.000012,-0.000017,-0.000039,0.000025,0.000019,-0.000009,0.000011,50.000011,0.000299,3712076171.640000,69.559863,-1.612375,-36.150348,-59.401423,-33.700066,61.621186,69.764575,-1.614754,0.000003,-0.000033,0.000014,0.000014,0.000004,0.000111,0.000026,-0.000029,50.000024,-0.000007,72.500000,-5.484773,4.275767,6.440595,2.611350,-0.968656,-6.952203,0.000009,-0.000041,-0.000014,-0.000018,-0.000003,-0.000041
3712076171.660000,0.152734,0.028894,0.001500,0.160123,0.030445,0.001572,0.173702,0.026978,0.001716,0.162201,0.028771,0.001596,224.329415,27.817735,2.788482,225.411723,46.904531,2.284304,122.283828,-76.947220,-2.854540,138.740907,-51.282894,-2.354171,-0.000141,-0.000821,3712076171.660000,69.582504,-1.508642,-36.068073,-59.476326,-33.814934,61.580509,69.787437,-1.504003,-0.000014,0.000025,-0.000050,0.000011,0.000015,-0.000017,-0.000011,-0.000009,49.999851,-0.000840,3712076171.660000,69.560065,-1.612516,-36.150506,-59.401477,-33.700138,61.621811,69.764876,-1.614921,0.000017,-0.000015,0.000028,0.000021,-0.000042,0.000090,0.000028,-0.000003,49.999992,-0.000020,72.500000,3.894992,-5.760959,-6.932479,-0.493185,3.069784,6.313194,0.000009,0.000026,0.000018,0.000014,0.000013,0.000065
3712076171.680000,0.153676,0.030403,0.001506,0.161816,0.028255,0.001593,0.170500,0.026895,0.001683,0.162002,0.028513,0.001595,97.545410,-18.956951,1.120613,47.790635,-33.185160,0.423892,122.181369,-71.992145,-2.403518,146.333302,-47.912186,-2.559214,0.000053,0.001821,3712076171.680000,69.582985,-1.508282,-36.066257,-59.475620,-33.813339,61.580921,69.786942,-1.504005,0.000028,-0.000001,0.000001,0.000024,0.000028,-0.000014,-0.000017,-0.000001,50.000080,0.001821,3712076171.680000,69.559486,-1.612593,-36.150747,-59.401305,-33.700561,61.621183,69.764563,-1.614818,0.000014,-0.000032,0.000017,0.000032,-0.000041,0.000103,0.000029,-0.000016,50.000027,0.000000,72.500000,-1.924807,6.683223,6.744938,-1.673093,-4.871070,-5.054731,-0.000030,-0.000004,-0.000020,-0.000047,-0.000022,-0.000041
3712076171.700000,0.155694,0.029822,0.001528,0.161504,0.027999,0.001590,0.169970,0.031193,0.001671,0.162409,0.029678,0.001597,125.778632,45.339863,-1.016353,88.823393,15.385630,-0.838770,138.421530,-58.774697,-2.701952,200.245152,18.202090,3.961686,-0.000017,0.000746,3712076171.700000,69.583138,-1.506878,-36.066254,-59.475960,-33.813862,61.584068,69.788086,-1.503854,-0.000025,-0.000021,0.000036,0.000020,0.000022,-0.000027,-0.000029,0.000001,49.999981,0.000735,3712076171.700000,69.560010,-1.612711,-36.150675,-59.401894,-33.700422,61.621249,69.764892,-1.614790,0.000003,-0.000022,0.000008,0.000034,-0.000020,0.000081,0.000016,-0.000019,49.999998,-0.000011,72.500000,-0.235332,-6.950926,-5.898591,3.675195,6.193903,3.302195,0.000034,-0.000022,0.000035,0.000044,0.000005,0.000038
3712076171.720000,0.156647,0.028347,0.001540,0.160597,0.029412,0.001579,0.172923,0.033722,0.001696,0.163418,0.030510,0.001605,197.198251,26.663072,4.180689,233.314037,37.871775,-2.744316,130.509263,-60.353477,-2.330475,164.784593,-24.380987,2.428192,0.000075,-0.000881,3712076171.720000,69.582130,-1.506135,-36.067223,-59.475830,-33.815712,61.584515,69.788315,-1.503447,-0.000021,0.000030,0.000033,-0.000025,0.000033,-0.000007,-0.000003,0.000019,50.000103,-0.000890,3712076171.720000,69.560009,-1.612860,-36.150432,-59.401350,-33.699868,61.620989,69.764527,-1.614977,-0.000012,-0.000026,-0.000015,0.000026,-0.000046,0.000072,0.000020,-0.000016,50.000028,-0.000009,72.500000,2.371615,6.537878,4.473522,-5.318774,-6.911633,-1.227010,-0.000010,0.000044,-0.000052,-0.000017,0.000003,-0.000041
3712076171.740000,0.154274,0.027682,0.001517,0.159262,0.030967,0.001562,0.175515,0.032384,0.001725,0.163055,0.030350,0.001602,435.411220,353.792352,1.276286,152.478081,-46.896992,-3.331513,98.078855,-47.624268,-1.267983,61.371960,-32.952874,-0.643345,-0.000092,-0.000159,3712076171.740000,69.581818,-1.507256,-36.068676,-59.476624,-33.817379,61.583168,69.788567,-1.503402,-0.000030,0.000016,0.000019,-0.000023,0.000021,0.000040,0.000010,-0.000015,49.999908,-0.000177,3712076171.740000,69.560195,-1.612397,-36.150339,-59.401818,-33.700201,61.621446,69.764895,-1.614698,0.000002,0.000007,-0.000043,0.000036,-0.000060,0.000061,0.000025,-0.000009,50.000001,-0.000018,72.500000,-4.275387,-5.484995,-2.611221,6.440508,6.953010,-0.968819,0.000015,-0.000048,0.000065,-0.000006,0.000023,0.000020
3712076171.760000,0.152798,0.028183,0.001502,0.161052,0.031628,0.001579,0.174430,0.028495,0.001721,0.162779,0.029426,0.001601,290.775703,124.146223,-4.139268,166.840222,-20.901829,-2.391972,33.628683,-33.575363,-0.023227,222.201049,24.706140,2.840836,0.000024,-0.001105,3712076171.760000,69.582008,-1.508676,-36.067989,-59.477020,-33.815655,61.581127,69.787750,-1.503770,-0.000039,-0.000025,0.000042,-0.000001,-0.000028,0.000040,-0.000021,0.000017,50.000034,-0.001111,3712076171.760000,69.560061,-1.612701,-36.150419,-59.401211,-33.700044,61.621661,69.764724,-1.615004,0.000000,0.000021,-0.000038,0.000037,-0.000043,0.000059,0.000020,-0.000008,50.000010,-0.000006,72.500000,5.760976,3.895845,0.492755,-6.932114,-6.313235,3.070822,0.000001,0.000030,-0.000068,0.000016,-0.000001,-0.000031
3712076171.780000,0.154637,0.031438,0.001514,0.162772,0.030052,0.001599,0.170108,0.028900,0.001676,0.162514,0.030123,0.001597,104.352653,-27.228433,-5.019959,160.683263,-19.086414,-2.180913,100.570632,-25.663880,-5.084929,274.672669,79.499881,2.753109,-0.000070,0.002212,3712076171.780000,69.583984,-1.507576,-36.066467,-59.477428,-33.813957,61.582668,69.788437,-1.503642,-0.000036,-0.000000,0.000058,0.000016,-0.000048,-0.000000,-0.000012,0.000028,49.999939,0.002205,3712076171.780000,69.559754,-1.612406,-36.150691,-59.401813,-33.700951,61.621449,69.764931,-1.614587,-0.000015,0.000047,-0.000057,0.000048,-0.000024,0.000060,0.000012,-0.000012,50.000009,-0.000007,72.500000,-6.683376,-1.924521,1.672689,6.745345,5.054834,-4.870328,-0.000013,-0.000001,0.000051,-0.000017,-0.000001,0.000032
3712076171.800000,0.157010,0.030420,0.001540,0.161464,0.027551,0.001591,0.169049,0.030513,0.001662,0.162521,0.029499,0.001598,78.654615,-78.189383,0.183165,87.354505,-49.456077,-5.221143,146.465731,-25.985697,-4.296966,238.999754,39.245702,3.049652,0.000066,-0.001895,3712076171.800000,69.583771,-1.506407,-36.065975,-59.475449,-33.813026,61.584148,69.787987,-1.503956,-0.000003,0.000018,-0.000040,-0.000020,-0.000025,-0.000028,-0.000021,0.000007,50.000076,-0.001904,3712076171.800000,69.560208,-1.613081,-36.150580,-59.401636,-33.700315,61.621474,69.764914,-1.614997,0.000001,0.000082,-0.000074,0.000049,-0.000021,0.000046,0.000015,-0.000004,50.000010,-0.000008,72.500000,6.950077,-0.234959,-3.676258,-5.898504,-3.303153,6.194185,0.000019,-0.000003,-0.000004,0.000031,-0.000017,-0.000035
3712076171.820000,0.156776,0.027420,0.001543,0.161067,0.028235,0.001586,0.172470,0.031750,0.001695,0.163465,0.029140,0.001608,144.156324,-55.604250,-3.266420,118.536267,-52.153003,-1.755930,288.043311,99.327995,-3.726553,198.848973,9.885951,3.793822,-0.000002,0.001519,3712076171.820000,69.581573,-1.505630,-36.066380,-59.475868,-33.815559,61.583576,69.787697,-1.502917,-0.000005,-0.000023,0.000022,0.000035,-0.000029,-0.000043,-0.000022,0.000004,50.000023,0.001511,3712076171.820000,69.560093,-1.612577,-36.150427,-59.401838,-33.700430,61.621238,69.764860,-1.614679,0.000006,0.000052,-0.000080,0.000031,0.000000,0.000026,0.000014,-0.000015,50.000025,-0.000008,72.500000,-6.537495,2.370947,5.318286,4.473393,1.227190,-6.912232,-0.000032,-0.000034,-0.000001,-0.000017,0.000021,-0.000004
3712076171.840000,0.154332,0.025675,0.001522,0.159123,0.030830,0.001561,0.173890,0.030391,0.001712,0.162476,0.028971,0.001598,100.595732,-43.272108,1.294175,97.859857,-40.092976,-1.229321,155.762269,81.204531,1.032711,135.548602,-48.184916,2.151886,-0.000098,-0.002115,3712076171.840000,69.580811,-1.507235,-36.068684,-59.476357,-33.815693,61.582867,69.787788,-1.503878,0.000013,0.000018,0.000013,0.000032,-0.000030,0.000038,0.000009,0.000014,49.999901,-0.002131,3712076171.840000,69.560577,-1.612695,-36.150327,-59.401673,-33.699979,61.621938,69.765084,-1.614963,0.000037,-0.000013,-0.000042,0.000039,0.000009,0.000025,0.000014,-0.000030,49.999998,-0.000016,72.500000,5.484930,-4.275068,-6.440546,-2.611227,0.969249,6.952829,0.000006,0.000023,0.000038,0.000006,-0.000023,0.000008
3712076171.860000,0.153592,0.028945,0.001508,0.161258,0.030748,0.001583,0.172998,0.027516,0.001708,0.162630,0.029060,0.001600,124.992006,-31.818626,1.642307,229.258221,32.170212,-2.821381,92.248630,38.024356,0.731603,103.529928,-66.841745,1.513309,0.000038,0.001003,3712076171.860000,69.582344,-1.507834,-36.067554,-59.476784,-33.814930,61.580902,69.787537,-1.503574,0.000021,-0.000039,0.000028,-0.000019,0.000031,0.000002,0.000006,-0.000010,50.000061,0.001001,3712076171.860000,69.559857,-1.612308,-36.150531,-59.401358,-33.700445,61.621603,69.764768,-1.614756,-0.000060,-0.000026,-0.000016,0.000021,0.000018,-0.000014,-0.000030,-0.000019,50.000023,-0.000002,72.500000,-3.895504,5.761341,6.932000,0.493417,-3.070320,-6.312248,0.000012,-0.000008,-0.000049,-0.000011,-0.000004,-0.000017
3712076171.880000,0.154794,0.030670,0.001517,0.161971,0.029928,0.001592,0.170015,0.027665,0.001677,0.162267,0.029412,0.001596,229.591325,29.977600,3.258526,63.608519,63.028264,-0.067149,147.929607,-24.420726,-4.291860,215.039409,15.092174,3.097182,-0.000073,0.000394,3712076171.880000,69.583847,-1.507571,-36.066875,-59.476921,-33.813370,61.582222,69.788086,-1.503937,0.000045,0.000038,-0.000002,0.000030,-0.000018,-0.000022,0.000006,0.000014,49.999916,0.000379,3712076171.880000,69.560146,-1.612634,-36.150673,-59.401665,-33.700710,61.621802,69.765078,-1.614811,-0.000038,-0.000025,-0.000003,0.000018,-0.000017,0.000033,-0.000005,-0.000013,49.999990,-0.000014,72.500000,1.923861,-6.682846,-6.745740,1.672920,4.870106,5.055310,0.000001,0.000028,0.000040,-0.000012,0.000022,0.000021
3712076171.900000,0.156253,0.028338,0.001536,0.161542,0.028121,0.001591,0.169692,0.029783,0.001670,0.162517,0.028747,0.001599,107.424727,2.867855,1.115774,84.265642,-37.494481,-0.995062,52.458323,-45.027296,0.365035,242.053012,80.269315,-2.033478,0.000066,0.000321,3712076171.900000,69.582031,-1.506397,-36.066151,-59.475445,-33.813320,61.583073,69.787170,-1.503740,-0.000001,-0.000025,0.000007,-0.000027,-0.000011,0.000017,0.000011,-0.000008,50.000095,0.000321,3712076171.900000,69.559923,-1.612844,-36.150537,-59.401301,-33.700372,61.621114,69.764621,-1.614885,-0.000022,-0.000010,0.000042,-0.000014,-0.000008,0.000035,0.000001,0.000007,50.000029,0.000000,72.500000,0.234740,6.950495,5.897727,-3.675868,-6.194927,-3.302676,-0.000033,-0.000020,-0.000067,0.000033,-0.000015,-0.000005
3712076171.920000,0.155530,0.026422,0.001532,0.158956,0.028996,0.001563,0.172983,0.032083,0.001700,0.162520,0.029173,0.001599,110.043034,-35.203556,1.408884,228.459957,31.878316,3.488764,52.209025,22.296665,-0.430196,294.885939,287.660803,0.331015,-0.000060,0.000726,3712076171.920000,69.581238,-1.506360,-36.067745,-59.475430,-33.815689,61.583828,69.787781,-1.503632,0.000021,-0.000025,-0.000033,0.000022,0.000004,0.000024,0.000005,-0.000020,49.999943,0.000709,3712076171.920000,69.560468,-1.612565,-36.150159,-59.401771,-33.700164,61.621440,69.764935,-1.614719,-0.000033,-0.000038,0.000018,-0.000025,-0.000005,0.000019,-0.000000,-0.000005,50.000003,-0.000017,72.500000,-2.371172,-6.538107,-4.473867,5.317806,6.911946,1.226250,0.000038,0.000042,0.000040,-0.000011,0.000021,-0.000024
3712076171.940000,0.154026,0.027259,0.001516,0.159272,0.030953,0.001562,0.175680,0.030634,0.001730,0.163027,0.029619,0.001603,165.475274,-33.497979,3.368475,213.317342,18.536557,2.702003,115.165165,-70.314150,1.983581,134.988713,-54.615658,-2.317049,0.000069,-0.001219,3712076171.940000,69.581680,-1.507665,-36.068348,-59.475914,-33.816631,61.581959,69.787788,-1.503577,0.000048,0.000025,-0.000017,0.000034,0.000024,0.000007,0.000021,0.000009,50.000092,-0.001228,3712076171.940000,69.560354,-1.612692,-36.150022,-59.401112,-33.699744,61.621479,69.764625,-1.614960,-0.000079,-0.000021,0.000026,-0.000020,-0.000012,-0.000083,-0.000047,0.000021,50.000022,-0.000009,72.500000,4.275696,5.485525,2.611164,-6.440489,-6.952365,0.969523,-0.000040,-0.000027,-0.000043,0.000035,0.000010,0.000011
3712076171.960000,0.153129,0.029857,0.001502,0.161631,0.031544,0.001585,0.174175,0.027927,0.001719,0.162989,0.029767,0.001602,106.764802,-67.833964,-1.627419,149.225745,26.872601,4.863840,42.072386,30.733118,0.251960,27.248216,26.487370,-0.056861,-0.000063,0.000531,3712076171.960000,69.583298,-1.508206,-36.067287,-59.477570,-33.815712,61.580776,69.788132,-1.503244,0.000013,0.000022,-0.000029,0.000029,-0.000001,0.000024,-0.000011,0.000005,49.999943,0.000513,3712076171.960000,69.560186,-1.612215,-36.150109,-59.401591,-33.700395,61.621605,69.764867,-1.614579,-0.000071,0.000036,-0.000026,-0.000019,0.000004,0.000018,-0.000009,0.000004,50.000005,-0.000018,72.500000,-5.761487,-3.895411,-0.493559,6.932226,6.312700,-3.069742,0.000065,-0.000023,0.000032,-0.000014,-0.000004,0.000003
3712076171.980000,0.155666,0.030669,0.001526,0.162063,0.030207,0.001592,0.170331,0.026571,0.001682,0.162684,0.029135,0.001600,139.132248,-51.651626,-2.383289,200.328966,113.571699,5.083268,141.006787,-56.854990,-2.764092,153.791829,-46.208114,3.143407,0.000005,-0.001358,3712076171.980000,69.583809,-1.507273,-36.066540,-59.476768,-33.812840,61.580971,69.787521,-1.503712,0.000035,0.000008,-0.000017,0.000024,-0.000018,-0.000010,0.000013,0.000003,50.000015,-0.001358,3712076171.980000,69.560094,-1.612956,-36.150261,-59.401332,-33.700243,61.621392,69.764700,-1.614921,-0.000064,0.000038,-0.000013,-0.000003,0.000046,0.000005,-0.000024,-0.000005,50.000011,-0.000000,72.500000,6.682572,1.924587,-1.673607,-6.745422,-5.055765,4.870960,-0.000035,0.000063,0.000002,0.000009,-0.000020,-0.000026
3712076172.000000,0.156470,0.031008,0.001533,0.161806,0.029342,0.001591,0.169937,0.029768,0.001673,0.162753,0.030041,0.001599,89.137075,-23.595477,-5.255120,139.081064,94.822381,-0.746139,106.044386,-56.596229,1.497179,113.586316,-10.871897,1.284033,-0.000044,0.002116,3712076172.000000,69.583832,-1.506519,-36.066231,-59.476681,-33.813698,61.582756,69.788116,-1.503436,-0.000054,-0.000017,-0.000013,0.000015,-0.000010,0.000030,0.000004,-0.000020,49.999973,0.002112,3712076172.000000,69.559870,-1.612720,-36.150205,-59.401794,-33.700600,61.620892,69.764664,-1.614563,-0.000056,0.000049,-0.000010,0.000001,0.000066,0.000028,-0.000020,-0.000010,50.000017,-0.000004,72.500000,-6.950796,0.234634,3.675149,5.897911,3.302365,-6.194639,0.000008,-0.000069,0.000025,-0.000021,0.000029,0.000022
3712076172.020000,0.154584,0.027044,0.001522,0.160351,0.030944,0.001573,0.172987,0.031772,0.001700,0.162669,0.029924,0.001599,130.236865,-37.039091,-1.811154,152.762632,138.445539,-0.421260,104.279490,-54.485461,-1.438878,69.560017,-65.411394,-0.405117,0.000030,-0.002137,3712076172.020000,69.581650,-1.507608,-36.067657,-59.476730,-33.815231,61.583500,69.788109,-1.503883,0.000018,0.000018,-0.000023,0.000027,0.000019,-0.000033,-0.000008,-0.000006,50.000031,-0.002158,3712076172.020000,69.560463,-1.613059,-36.149991,-59.401537,-33.699773,61.621324,69.764739,-1.614968,-0.000034,0.000022,-0.000013,0.000006,0.000077,0.000031,-0.000015,-0.000025,50.000001,-0.000020,72.500000,6.537776,-2.371333,-5.318646,-4.474083,-1.226769,6.911276,-0.000000,0.000042,-0.000014,0.000037,-0.000061,-0.000003
3712076172.040000,0.154275,0.026369,0.001520,0.160993,0.031946,0.001578,0.175830,0.030348,0.001732,0.163725,0.029559,0.001610,154.587135,22.268091,-1.527750,153.547825,117.851446,0.679881,108.460071,-57.700509,-1.567763,34.318124,-28.392995,-0.228290,0.000034,0.001457,3712076172.040000,69.580704,-1.507247,-36.067833,-59.477337,-33.816948,61.581375,69.787674,-1.502863,0.000030,0.000020,-0.000029,0.000024,0.000018,-0.000023,-0.000007,-0.000012,50.000053,0.001450,3712076172.040000,69.559991,-1.612572,-36.150075,-59.401384,-33.700033,61.621141,69.764542,-1.614750,-0.000015,0.000025,-0.000003,0.000017,0.000054,0.000042,-0.000006,-0.000018,50.000019,-0.000007,72.500000,-5.484794,4.275684,6.440566,2.611229,-0.968670,-6.952301,-0.000008,-0.000029,-0.000027,-0.000008,0.000092,-0.000021
3712076172.060000,0.152727,0.028166,0.001501,0.160800,0.031627,0.001576,0.174139,0.029324,0.001716,0.162581,0.029703,0.001598,132.423172,17.045954,-1.304345,175.550037,-24.449067,-3.135143,100.577126,-15.763172,-1.143608,118.193857,55.542478,-0.863079,-0.000138,-0.001112,3712076172.060000,69.582146,-1.508734,-36.067963,-59.477093,-33.815674,61.581921,69.788048,-1.503895,0.000028,-0.000024,-0.000023,-0.000015,0.000055,0.000003,0.000006,-0.000019,49.999847,-0.001135,3712076172.060000,69.560210,-1.612711,-36.150241,-59.401377,-33.700051,61.621797,69.764833,-1.614950,0.000026,0.000018,0.000031,0.000019,0.000024,0.000060,0.000012,-0.000005,49.999985,-0.000023,72.500000,3.894919,-5.760977,-6.932489,-0.493260,3.069792,6.313231,-0.000017,0.000030,0.000016,-0.000013,-0.000074,0.000044
3712076172.080000,0.154260,0.030082,0.001513,0.163075,0.028578,0.001605,0.170083,0.029361,0.001675,0.162489,0.029340,0.001598,85.070486,-33.378516,-0.999796,171.585894,-26.478912,-2.839047,102.874693,1.162574,-1.073572,71.434023,67.094742,-0.189955,0.000084,0.000663,3712076172.080000,69.582649,-1.507998,-36.065540,-59.476074,-33.813644,61.582733,69.787415,-1.503842,0.000023,-0.000024,-0.000016,-0.000041,0.000044,-0.000026,-0.000009,-0.000017,50.000107,0.000663,3712076172.080000,69.559364,-1.612773,-36.150639,-59.401126,-33.700548,61.621193,69.764453,-1.614882,0.000049,0.000009,0.000037,0.000047,0.000043,0.000026,-0.000003,-0.000011,50.000022,0.000000,72.500000,-1.924695,6.683203,6.744915,-1.673182,-4.871076,-5.054731,0.000037,-0.000050,-0.000035,0.000028,0.000062,-0.000076
3712076172.100000,0.156312,0.029750,0.001534,0.162242,0.028678,0.001597,0.170536,0.031406,0.001676,0.163052,0.029948,0.001603,122.275138,-53.867362,1.881748,91.781900,7.903131,0.911516,141.739575,-51.756929,-2.505700,115.128720,-38.820660,-1.530879,-0.000030,0.000306,3712076172.100000,69.583054,-1.506518,-36.065907,-59.476238,-33.814262,61.584232,69.788193,-1.503498,0.000007,0.000030,0.000006,0.000033,-0.000010,-0.000019,-0.000013,-0.000006,49.999969,0.000298,3712076172.100000,69.559966,-1.612799,-36.150456,-59.401543,-33.700420,61.621463,69.764801,-1.614851,0.000056,-0.000035,0.000028,0.000015,0.000039,0.000020,0.000009,-0.000021,50.000000,-0.000007,72.500000,-0.235180,-6.951044,-5.898377,3.675086,6.194057,3.302111,-0.000041,0.000079,0.000046,-0.000042,-0.000028,0.000085
3712076172.120000,0.156030,0.027547,0.001536,0.160307,0.029794,0.001575,0.173739,0.032938,0.001706,0.163391,0.030106,0.001606,90.246851,-56.585867,-1.125452,196.777066,2.655549,-2.658654,175.035292,-12.409321,-2.404020,29.981603,27.630634,0.103061,0.000021,-0.000784,3712076172.120000,69.581512,-1.506523,-36.067406,-59.475685,-33.816032,61.583870,69.787964,-1.503453,0.000017,-0.000028,-0.000002,-0.000022,-0.000015,-0.000018,0.000019,-0.000005,50.000053,-0.000793,3712076172.120000,69.559955,-1.612925,-36.150259,-59.401111,-33.699846,61.621160,69.764456,-1.615023,0.000075,0.000007,0.000011,0.000019,0.000027,0.000003,0.000014,-0.000006,50.000032,-0.000008,72.500000,2.371414,6.537977,4.473299,-5.318560,-6.911840,-1.226949,0.000017,-0.000057,0.000006,0.000078,0.000018,-0.000060
3712076172.140000,0.153004,0.027137,0.001506,0.160482,0.030988,0.001574,0.174432,0.030989,0.001716,0.162673,0.029708,0.001599,69.138240,-48.734525,0.699083,149.114199,-32.979706,-4.096499,142.290775,-47.958599,-2.380765,241.167551,45.892028,-2.741787,-0.000097,0.000362,3712076172.140000,69.581467,-1.508197,-36.067764,-59.476933,-33.816330,61.582626,69.788055,-1.503614,0.000012,0.000036,-0.000036,-0.000001,-0.000029,-0.000006,0.000021,0.000001,49.999908,0.000344,3712076172.140000,69.560241,-1.612519,-36.150156,-59.401667,-33.700142,61.621478,69.764836,-1.614733,0.000063,0.000038,0.000030,0.000045,0.000048,-0.000029,-0.000013,0.000005,50.000005,-0.000018,72.500000,-4.275323,-5.485353,-2.611245,6.440122,6.953048,-0.969242,0.000020,0.000042,-0.000023,-0.000078,0.000020,0.000062
3712076172.160000,0.152292,0.028025,0.001497,0.162137,0.031416,0.001590,0.173128,0.027102,0.001710,0.162530,0.028840,0.001599,111.165869,-18.332877,-1.303652,146.839156,-52.868186,3.006384,142.963669,-54.824499,-3.519436,145.708690,-43.475437,-3.921696,0.000041,-0.001050,3712076172.160000,69.581886,-1.509112,-36.067127,-59.477192,-33.814468,61.580578,69.787262,-1.503888,0.000028,-0.000008,-0.000026,0.000003,-0.000014,-0.000007,-0.000006,-0.000006,50.000053,-0.001055,3712076172.160000,69.560055,-1.612802,-36.150317,-59.401095,-33.700001,61.621600,69.764647,-1.615030,0.000019,0.000031,0.000055,0.000002,0.000024,0.000025,-0.000000,0.000015,50.000013,-0.000005,72.500000,5.761042,3.896144,0.492868,-6.931820,-6.313077,3.071044,-0.000001,-0.000029,0.000039,0.000022,-0.000027,-0.000056
3712076172.180000,0.154155,0.030803,0.001510,0.162846,0.029408,0.001601,0.170374,0.027252,0.001682,0.162460,0.029144,0.001598,31.000609,-20.347091,0.262819,152.970846,-46.910155,3.224443,109.865503,-90.126093,-3.098342,115.100708,-82.804534,2.603149,-0.000053,0.002033,3712076172.180000,69.583488,-1.507877,-36.066029,-59.476917,-33.813728,61.581367,69.787636,-1.503550,0.000020,0.000027,-0.000014,0.000009,0.000003,-0.000016,-0.000009,0.000006,49.999954,0.002026,3712076172.180000,69.559705,-1.612465,-36.150600,-59.401614,-33.700943,61.621347,69.764812,-1.614599,0.000033,0.000027,0.000026,-0.000020,-0.000022,0.000160,0.000062,-0.000001,50.000008,-0.000007,72.500000,-6.683506,-1.924679,1.672551,6.745143,5.054639,-4.870422,-0.000003,0.000020,-0.000045,-0.000029,0.000053,-0.000124
3712076172.200000,0.155835,0.029309,0.001530,0.161855,0.028957,0.001592,0.169292,0.030076,0.001666,0.162348,0.029453,0.001596,91.448470,-16.653971,-1.029852,113.939412,-64.848075,-1.821851,140.636516,-53.757253,-2.542950,75.561641,-72.976602,0.379217,0.000016,-0.001537,3712076172.200000,69.582977,-1.507079,-36.066273,-59.476101,-33.813065,61.583710,69.787842,-1.504073,0.000035,0.000020,-0.000019,-0.000006,0.000023,-0.000010,0.000004,0.000011,50.000023,-0.001546,3712076172.200000,69.560202,-1.613089,-36.150457,-59.401400,-33.700300,61.621415,69.764804,-1.614998,0.000001,0.000048,0.000031,-0.000049,-0.000029,0.000047,0.000028,0.000034,50.000007,-0.000009,72.500000,6.950230,-0.234888,-3.676137,-5.898499,-3.302951,6.194157,0.000045,-0.000004,0.000007,0.000010,-0.000013,-0.000055
3712076172.220000,0.156426,0.028481,0.001538,0.160986,0.030635,0.001580,0.171979,0.032993,0.001688,0.163156,0.030709,0.001602,125.564591,-3.485693,-1.385910,96.864806,-14.287663,-1.087651,132.213670,-13.397221,-1.569665,104.117161,-39.695648,-1.336824,0.000002,0.002219,3712076172.220000,69.582237,-1.506104,-36.067551,-59.476936,-33.815525,61.584385,69.788651,-1.503380,0.000053,-0.000013,-0.000006,-0.000031,0.000036,0.000016,0.000020,-0.000011,50.000027,0.002213,3712076172.220000,69.560027,-1.612653,-36.150416,-59.401670,-33.700431,61.621032,69.764728,-1.614695,0.000023,0.000052,0.000029,-0.000023,-0.000018,0.000042,0.000025,0.000028,50.000025,-0.000006,72.500000,-6.537702,2.371030,5.318222,4.473511,1.226852,-6.912000,-0.000028,0.000029,0.000007,0.000002,0.000054,0.000066
3712076172.240000,0.153906,0.028041,0.001513,0.159851,0.031652,0.001567,0.174564,0.031747,0.001716,0.162807,0.030489,0.001599,49.055434,-48.820515,0.067039,115.926954,-61.287966,-1.824122,148.162040,19.524225,-1.473001,135.717080,-44.032749,-2.062707,-0.000017,-0.002118,3712076172.240000,69.582420,-1.507932,-36.068615,-59.476837,-33.816437,61.583458,69.788750,-1.503896,0.000023,0.000039,-0.000015,-0.000017,0.000045,0.000025,0.000013,-0.000026,49.999981,-0.002135,3712076172.240000,69.560553,-1.612763,-36.150305,-59.401457,-33.699996,61.621842,69.764985,-1.614995,0.000050,0.000073,0.000053,-0.000026,-0.000017,0.000039,0.000030,0.000042,49.999998,-0.000017,72.500000,5.485057,-4.275330,-6.440604,-2.611461,0.969483,6.952449,0.000004,-0.000030,-0.000023,0.000017,-0.000071,-0.000022
3712076172.260000,0.153291,0.029796,0.001503,0.162866,0.030668,0.001599,0.174175,0.027983,0.001719,0.163457,0.029470,0.001608,87.735182,-32.893144,-1.038989,109.017166,-90.608350,3.437782,213.822797,65.691433,-1.822915,121.806506,-47.224622,-1.766411,0.000058,0.000383,3712076172.260000,69.582802,-1.508243,-36.066521,-59.477119,-33.815693,61.580704,69.787682,-1.503104,0.000048,-0.000016,-0.000004,0.000000,0.000041,0.000018,0.000014,-0.000017,50.000080,0.000379,3712076172.260000,69.559730,-1.612375,-36.150508,-59.401146,-33.700362,61.621494,69.764615,-1.614813,0.000056,0.000050,0.000041,-0.000017,-0.000017,0.000021,0.000025,0.000033,50.000022,-0.000005,72.500000,-3.895327,5.761556,6.932274,0.493366,-3.070189,-6.312061,-0.000005,0.000013,0.000002,0.000001,0.000085,0.000025
3712076172.280000,0.154176,0.031348,0.001509,0.162614,0.030188,0.001598,0.171371,0.027672,0.001691,0.162723,0.029728,0.001600,42.080063,-32.252810,0.329862,165.928062,20.380889,-1.697424,46.389483,-3.021304,-0.474504,93.360356,-44.639147,-1.167169,-0.000125,-0.000112,3712076172.280000,69.584122,-1.508085,-36.066502,-59.477062,-33.814148,61.581791,69.788162,-1.503681,0.000019,0.000037,0.000010,0.000036,0.000025,0.000018,0.000003,-0.000013,49.999866,-0.000128,3712076172.280000,69.559960,-1.612602,-36.150565,-59.401433,-33.700640,61.621830,69.764928,-1.614832,0.000045,0.000042,-0.000030,0.000005,0.000014,0.000028,0.000024,-0.000004,49.999991,-0.000016,72.500000,1.923635,-6.682976,-6.745948,1.672986,4.870008,5.055253,-0.000007,0.000001,0.000057,0.000018,-0.000063,0.000003
3712076172.300000,0.156650,0.030529,0.001536,0.162083,0.028765,0.001595,0.169190,0.030004,0.001665,0.162657,0.029772,0.001599,147.143154,-45.876741,2.507709,85.627205,-35.777235,1.013579,179.910352,-11.803707,3.738489,66.163471,-54.545761,0.562848,0.000054,-0.000293,3712076172.300000,69.583336,-1.506538,-36.066093,-59.475830,-33.813030,61.583397,69.787758,-1.503844,-0.000025,0.000004,0.000011,0.000045,0.000003,0.000024,-0.000010,0.000011,50.000080,-0.000293,3712076172.300000,69.559703,-1.612940,-36.150505,-59.401147,-33.700346,61.621116,69.764494,-1.614941,0.000042,0.000021,0.000069,0.000023,-0.000018,-0.000020,-0.000007,0.000032,50.000026,0.000000,72.500000,0.234783,6.950578,5.897755,-3.675935,-6.194977,-3.302578,-0.000013,-0.000001,-0.000035,-0.000015,0.000043,0.000008
3712076172.320000,0.156807,0.028905,0.001541,0.159899,0.028348,0.001573,0.171637,0.031699,0.001687,0.162809,0.029655,0.001601,74.383736,-40.383863,-0.832900,73.528372,-71.966139,-0.285715,108.823037,-70.294392,-1.733099,188.586409,19.508121,-2.062405,-0.000046,0.001346,3712076172.320000,69.582726,-1.505956,-36.067024,-59.475235,-33.814919,61.583984,69.788017,-1.503570,0.000032,-0.000014,0.000011,0.000018,0.000015,0.000006,-0.000006,-0.000014,49.999954,0.001329,3712076172.320000,69.560216,-1.612713,-36.150312,-59.401573,-33.700322,61.621395,69.764832,-1.614793,0.000054,0.000024,0.000018,0.000072,-0.000027,0.000047,0.000012,0.000001,50.000000,-0.000017,72.500000,-2.371220,-6.538176,-4.473842,5.317827,6.911947,1.226085,0.000035,0.000013,0.000024,-0.000018,-0.000040,-0.000001
3712076172.340000,0.153785,0.026266,0.001515,0.159909,0.029535,0.001571,0.174986,0.030988,0.001722,0.162931,0.028938,0.001603,105.860414,-16.609739,1.218968,147.722216,-52.145609,-3.051208,161.602501,-32.627221,-2.604346,43.376567,12.574372,0.393808,0.000039,-0.001219,3712076172.340000,69.580856,-1.507864,-36.067474,-59.475246,-33.816330,61.582455,69.787270,-1.503672,0.000020,0.000040,-0.000012,-0.000024,0.000023,-0.000006,0.000010,0.000005,50.000057,-0.001231,3712076172.340000,69.560221,-1.612857,-36.150209,-59.400954,-33.699796,61.621497,69.764581,-1.615083,0.000054,-0.000006,0.000029,0.000048,-0.000024,0.000025,0.000010,0.000001,50.000018,-0.000012,72.500000,4.275657,5.485401,2.610956,-6.440570,-6.952485,0.969423,-0.000059,0.000018,-0.000020,-0.000002,0.000046,0.000026
3712076172.360000,0.152822,0.027542,0.001503,0.161382,0.031279,0.001583,0.174034,0.028667,0.001716,0.162770,0.029163,0.001601,145.678819,-20.897455,-1.890031,39.127517,-12.656396,-0.398795,159.997685,-23.037332,-2.250570,192.337156,15.002902,-2.212536,-0.000047,0.000754,3712076172.360000,69.581421,-1.508231,-36.067642,-59.477215,-33.815948,61.581360,69.787674,-1.503442,-0.000027,-0.000021,0.000027,0.000007,0.000014,-0.000018,-0.000016,-0.000001,49.999954,0.000739,3712076172.360000,69.559917,-1.612366,-36.150440,-59.401466,-33.700544,61.621643,69.764832,-1.614709,0.000036,-0.000024,0.000025,0.000019,0.000006,0.000028,0.000009,-0.000011,50.000002,-0.000015,72.500000,-5.761294,-3.895277,-0.493298,6.932190,6.312911,-3.069627,0.000060,-0.000026,0.000013,-0.000006,-0.000044,-0.000000
3712076172.380000,0.154591,0.030260,0.001516,0.161789,0.029145,0.001591,0.171692,0.027456,0.001695,0.162701,0.028952,0.001601,141.302327,-56.539349,3.519900,165.073192,71.594455,1.207499,105.795123,-51.733776,-4.830449,99.621805,-53.058907,1.325600,0.000013,-0.001475,3712076172.380000,69.583405,-1.507965,-36.066528,-59.475933,-33.814152,61.581421,69.787498,-1.503775,-0.000020,0.000001,-0.000009,-0.000023,-0.000023,-0.000005,0.000010,0.000013,50.000023,-0.001480,3712076172.380000,69.559990,-1.612948,-36.150584,-59.401157,-33.700495,61.621715,69.764804,-1.615022,0.000043,-0.000019,-0.000015,-0.000000,-0.000015,0.000046,0.000033,-0.000014,50.000010,-0.000006,72.500000,6.682471,1.924601,-1.673667,-6.745237,-5.055782,4.871036,-0.000040,0.000050,-0.000014,0.000030,0.000039,0.000019
3712076172.400000,0.156326,0.030909,0.001532,0.161658,0.027649,0.001593,0.170298,0.030869,0.001675,0.162773,0.029809,0.001600,107.995650,-91.008806,-2.646388,175.197240,79.148878,-1.246989,87.539762,-67.006243,-1.025005,97.153568,-84.808615,-1.307089,-0.000057,0.001568,3712076172.400000,69.583733,-1.506586,-36.065994,-59.475594,-33.814411,61.583698,69.788116,-1.503523,-0.000011,-0.000025,-0.000032,-0.000006,0.000013,0.000023,0.000014,-0.000014,49.999962,0.001568,3712076172.400000,69.559842,-1.612699,-36.150670,-59.401657,-33.700838,61.621213,69.764826,-1.614698,0.000244,0.000188,-0.000003,-0.000018,-0.000038,0.000070,0.000114,0.000064,50.000019,0.000000,72.500000,-6.950787,0.234608,3.675170,5.897796,3.302361,-6.194595,-0.000257,-0.000258,0.000032,-0.000032,-0.000031,0.000007
3712076172.420000,0.156228,0.027675,0.001537,0.159422,0.029753,0.001566,0.171516,0.033034,0.001683,0.162414,0.030160,0.001596,201.210801,5.289090,2.742137,168.271185,46.761463,4.822440,125.039973,-68.132801,-2.381542,153.378569,-39.276104,-2.514994,-0.000017,-0.001223,3712076172.420000,69.582245,-1.506483,-36.068062,-59.475750,-33.814785,61.585117,69.788483,-1.504187,-0.000033,0.000010,-0.000030,0.000037,0.000016,-0.000013,-0.000024,-0.000008,49.999989,-0.001237,3712076172.420000,69.560596,-1.613008,-36.150399,-59.401522,-33.699971,61.621576,69.764953,-1.615056,0.000033,0.000004,-0.000027,-0.000017,-0.000008,0.000063,0.000040,-0.000012,50.000006,-0.000014,72.500000,6.537574,-2.371510,-5.318678,-4.474010,-1.226890,6.911298,0.000028,0.000033,-0.000020,0.000058,0.000010,-0.000036
3712076172.440000,0.154300,0.027251,0.001519,0.160475,0.030929,0.001574,0.174067,0.031882,0.001711,0.162978,0.030021,0.001602,369.721221,169.988834,3.055939,254.512357,67.311077,3.784408,103.134051,-70.014686,-1.527013,112.686832,-45.662232,-1.547397,0.000027,0.001388,3712076172.440000,69.581429,-1.507331,-36.068062,-59.476822,-33.816402,61.583267,69.788254,-1.503516,0.000024,0.000023,0.000025,0.000030,0.000018,0.000007,-0.000007,-0.000013,50.000053,0.001380,3712076172.440000,69.560103,-1.612552,-36.150478,-59.401589,-33.700243,61.621389,69.764812,-1.614806,-0.000008,-0.000009,-0.000023,-0.000006,-0.000020,0.000061,0.000023,-0.000013,50.000026,-0.000007,72.500000,-5.484496,4.275782,6.440616,2.611293,-0.968474,-6.952374,-0.000070,-0.000044,-0.000015,-0.000080,-0.000002,0.000023
3712076172.460000,0.152214,0.028510,0.001495,0.160900,0.031584,0.001577,0.173897,0.028061,0.001716,0.162354,0.029381,0.001597,59.849871,-56.649080,-0.294347,36.911759,-35.826730,-0.110955,90.596602,-75.447244,-1.061292,92.429595,-47.640238,-1.158286,-0.000063,-0.000853,3712076172.460000,69.582649,-1.508982,-36.068115,-59.477318,-33.815350,61.581448,69.788116,-1.504000,-0.000019,0.000019,-0.000034,-0.000005,0.000010,0.000017,0.000003,-0.000011,49.999928,-0.000875,3712076172.460000,69.560484,-1.612546,-36.150475,-59.401587,-33.700173,61.622090,69.765129,-1.614941,-0.000055,0.000030,-0.000051,-0.000014,-0.000040,0.000071,0.000021,-0.000003,49.999991,-0.000022,72.500000,3.894835,-5.761195,-6.932487,-0.493368,3.069858,6.313125,0.000054,0.000013,0.000066,0.000068,-0.000044,-0.000003
3712076172.480000,0.153988,0.029878,0.001510,0.162256,0.029925,0.001594,0.171618,0.026684,0.001695,0.162624,0.028818,0.001600,164.126328,-26.708010,-3.803180,155.061088,-2.204178,-1.801892,86.758270,-82.110650,-0.675106,183.180116,-16.742632,-3.083275,0.000055,0.000507,3712076172.480000,69.582939,-1.508134,-36.066738,-59.476776,-33.814007,61.580593,69.787354,-1.503655,0.000023,-0.000024,0.000013,0.000028,-0.000007,0.000015,-0.000011,-0.000009,50.000080,0.000507,3712076172.480000,69.559799,-1.612748,-36.150709,-59.401417,-33.700582,61.621379,69.764753,-1.614867,-0.000046,0.000007,-0.000031,0.000006,-0.000084,0.000041,0.000014,0.000010,50.000025,0.000000,72.500000,-1.924595,6.683396,6.745009,-1.672950,-4.871152,-5.054599,-0.000054,0.000032,-0.000052,-0.000074,0.000038,-0.000012
3712076172.500000,0.155696,0.029445,0.001529,0.161263,0.028734,0.001587,0.170065,0.029818,0.001674,0.162361,0.029332,0.001597,45.925334,-45.055841,0.120063,175.532407,-3.175414,-2.202580,81.722489,-81.721455,0.009615,52.232391,-5.925633,0.541643,-0.000087,0.000580,3712076172.500000,69.583122,-1.506806,-36.066669,-59.476181,-33.813698,61.583488,69.788017,-1.503865,-0.000031,-0.000008,0.000021,-0.000002,-0.000015,0.000003,-0.000008,0.000007,49.999916,0.000578,3712076172.500000,69.560256,-1.612697,-36.150601,-59.401814,-33.700508,61.621634,69.765064,-1.614817,-0.000058,-0.000008,-0.000011,0.000019,-0.000080,0.000019,-0.000004,0.000011,50.000003,-0.000002,72.500000,-0.235398,-6.950950,-5.898564,3.675178,6.193992,3.302159,0.000047,-0.000039,0.000069,0.000059,-0.000054,0.000002
3712076172.520000,0.155570,0.026599,0.001533,0.160416,0.029322,0.001577,0.172421,0.031852,0.001694,0.162829,0.029265,0.001602,76.859760,-13.776950,5.444499,837.622385,640.226235,-2.898049,84.848158,-84.566304,-0.176122,161.943945,-32.717026,-2.624735,0.000082,-0.000657,3712076172.520000,69.581207,-1.506779,-36.067085,-59.475750,-33.814960,61.583599,69.787567,-1.503700,-0.000038,0.000021,-0.000047,-0.000016,-0.000013,0.000003,0.000007,-0.000011,50.000111,-0.000661,3712076172.520000,69.560314,-1.612987,-36.150228,-59.401384,-33.699839,61.621175,69.764653,-1.614994,-0.000047,-0.000016,0.000007,0.000001,-0.000084,0.000006,-0.000001,0.000020,50.000028,-0.000005,72.500000,2.371508,6.537832,4.473487,-5.318779,-6.911783,-1.227062,-0.000062,0.000034,-0.000078,-0.000037,0.000015,-0.000016
3712076172.540000,0.153920,0.026072,0.001517,0.160077,0.030787,0.001571,0.174824,0.031500,0.001719,0.162971,0.029459,0.001603,178.334655,1.373859,2.175501,155.575379,-40.714980,2.693999,120.365585,-79.594550,3.210190,129.847153,-57.798235,-2.216533,-0.000056,0.000557,3712076172.540000,69.580933,-1.507178,-36.067936,-59.476662,-33.816738,61.583126,69.788040,-1.503335,0.000055,0.000010,-0.000065,0.000025,0.000018,0.000010,0.000023,-0.000004,49.999947,0.000545,3712076172.540000,69.560430,-1.612293,-36.150179,-59.401650,-33.700189,61.621768,69.764990,-1.614702,-0.000023,-0.000050,0.000116,0.000009,-0.000092,-0.000041,-0.000026,0.000049,50.000003,-0.000012,72.500000,-4.275385,-5.485156,-2.611259,6.440412,6.953033,-0.968957,0.000035,-0.000037,-0.000039,-0.000008,0.000032,0.000024
3712076172.560000,0.153275,0.027953,0.001507,0.161689,0.031246,0.001586,0.173810,0.027793,0.001715,0.162940,0.028986,0.001603,143.760201,-47.597806,3.855530,177.954259,-1.195563,2.217392,92.373952,-73.489181,1.149171,116.757059,-30.056332,-4.802577,0.000032,-0.001875,3712076172.560000,69.582123,-1.508221,-36.067120,-59.476845,-33.814884,61.581142,69.787468,-1.503621,-0.000007,0.000035,-0.000056,0.000027,0.000007,-0.000023,-0.000017,-0.000023,50.000042,-0.001878,3712076172.560000,69.560327,-1.612617,-36.150119,-59.401001,-33.699826,61.621935,69.764745,-1.615033,-0.000033,-0.000059,0.000056,0.000029,-0.000068,-0.000059,-0.000034,0.000021,50.000010,-0.000003,72.500000,5.760994,3.895879,0.492683,-6.932207,-6.313256,3.070795,-0.000013,-0.000018,-0.000058,-0.000021,-0.000024,-0.000021
3712076172.580000,0.154908,0.030894,0.001518,0.163081,0.030504,0.001602,0.170717,0.027145,0.001685,0.162901,0.029504,0.001602,28.122359,-27.788745,0.050829,135.419215,-41.363561,2.001863,134.615525,-65.359373,3.097417,169.815129,-21.367800,-3.777317,-0.000057,0.001435,3712076172.580000,69.583595,-1.507142,-36.066326,-59.477280,-33.813812,61.581635,69.787918,-1.503352,0.000015,-0.000040,-0.000039,0.000021,0.000008,0.000025,0.000018,-0.000022,49.999947,0.001422,3712076172.580000,69.559738,-1.612251,-36.150522,-59.401313,-33.700837,61.621804,69.764837,-1.614662,0.000017,-0.000056,0.000061,0.000046,-0.000021,-0.000074,-0.000035,0.000009,50.000003,-0.000012,72.500000,-6.683258,-1.924423,1.672895,6.745383,5.055020,-4.870176,0.000000,0.000023,0.000058,-0.000001,0.000020,-0.000028
3712076172.600000,0.156720,0.030001,0.001538,0.161558,0.029733,0.001588,0.169656,0.029978,0.001670,0.162665,0.029907,0.001599,176.760849,1.094310,2.147484,163.839859,-20.695473,2.298863,242.772788,216.211806,-0.631348,380.665495,290.047857,1.348075,-0.000005,-0.001021,3712076172.600000,69.583565,-1.506280,-36.066738,-59.476040,-33.813076,61.584034,69.788193,-1.504002,0.000020,0.000034,-0.000037,0.000004,-0.000006,0.000038,0.000017,-0.000026,49.999996,-0.001035,3712076172.600000,69.560297,-1.612813,-36.150377,-59.401038,-33.700105,61.621930,69.764834,-1.615086,0.000017,-0.000035,0.000036,0.000032,-0.000009,0.000009,-0.000005,-0.000006,50.000002,-0.000014,72.500000,6.950003,-0.235187,-3.676502,-5.898754,-3.303411,6.193972,-0.000037,-0.000020,-0.000061,0.000016,-0.000012,0.000020
3712076172.620000,0.156450,0.028942,0.001537,0.160490,0.029431,0.001577,0.172382,0.033153,0.001691,0.163135,0.030518,0.001602,137.066235,14.385970,-1.381845,145.781628,141.419561,-0.228295,154.511338,-15.613252,1.982422,225.536314,144.883960,-5.113033,0.000006,0.002214,3712076172.620000,69.582664,-1.506168,-36.067230,-59.475945,-33.815720,61.584633,69.788559,-1.503460,-0.000029,-0.000032,0.000052,0.000000,0.000038,0.000020,-0.000017,-0.000026,50.000031,0.002204,3712076172.620000,69.560135,-1.612667,-36.150367,-59.401494,-33.700337,61.621310,69.764770,-1.614788,0.000022,-0.000030,0.000021,0.000005,0.000004,-0.000050,-0.000013,0.000002,50.000024,-0.000010,72.500000,-6.537515,2.371106,5.318452,4.473469,1.227227,-6.912077,0.000025,-0.000005,0.000021,-0.000015,-0.000012,-0.000069
3712076172.640000,0.154084,0.026343,0.001518,0.159616,0.030645,0.001566,0.174777,0.031609,0.001719,0.162858,0.029538,0.001601,448.079948,282.663191,4.094372,23.627013,-22.014460,-0.097185,40.323137,-33.323550,-0.278956,102.204688,9.210057,5.265856,-0.000006,-0.001497,3712076172.640000,69.581284,-1.507513,-36.068367,-59.476135,-33.816536,61.583591,69.788177,-1.503795,-0.000040,0.000049,0.000008,0.000041,-0.000002,-0.000035,-0.000026,0.000027,49.999992,-0.001521,3712076172.640000,69.560591,-1.612707,-36.150398,-59.401368,-33.699991,61.622142,69.765073,-1.615070,-0.000004,-0.000016,0.000005,0.000053,0.000011,-0.000051,-0.000034,-0.000007,49.999998,-0.000024,72.500000,5.485085,-4.275301,-6.440627,-2.611246,0.969383,6.952631,-0.000039,0.000001,-0.000009,0.000008,0.000035,0.000035
3712076172.660000,0.153913,0.027027,0.001515,0.162601,0.031756,0.001594,0.174110,0.026868,0.001720,0.163550,0.028546,0.001610,269.261095,108.106149,4.233105,146.878501,-39.919643,-3.987905,181.729470,-17.888239,3.011349,183.709084,-15.869118,3.005687,0.000055,0.000190,3712076172.660000,69.581100,-1.507624,-36.067204,-59.477737,-33.815319,61.580158,69.787193,-1.503008,0.000013,0.000033,-0.000007,-0.000034,-0.000038,0.000027,0.000028,0.000020,50.000080,0.000190,3712076172.660000,69.559937,-1.612603,-36.150512,-59.401291,-33.700296,61.621673,69.764767,-1.614914,-0.000017,-0.000002,-0.000035,0.000047,0.000050,-0.000027,-0.000029,-0.000028,50.000025,-0.000000,72.500000,-3.895514,5.761498,6.932053,0.493239,-3.070301,-6.312259,0.000061,-0.000028,-0.000001,-0.000005,-0.000043,0.000011
3712076172.680000,0.154788,0.029341,0.001520,0.162779,0.031730,0.001596,0.171197,0.026808,0.001691,0.162925,0.029288,0.001602,229.567536,70.339302,-1.984192,56.308606,-3.676031,-0.580628,26.449987,-23.634611,0.135990,63.665214,-63.189354,-0.128145,-0.000119,-0.001146,3712076172.680000,69.582863,-1.507567,-36.067284,-59.478069,-33.813915,61.581406,69.788017,-1.503569,0.000018,0.000004,0.000004,0.000034,0.000050,-0.000014,-0.000011,-0.000006,49.999878,-0.001159,3712076172.680000,69.560082,-1.612830,-36.150713,-59.401571,-33.700721,61.621965,69.765085,-1.614927,-0.000006,0.000009,-0.000016,0.000031,0.000062,-0.000027,-0.000027,-0.000020,49.999997,-0.000013,72.500000,1.924011,-6.682949,-6.745578,1.673083,4.870234,5.055298,-0.000019,0.000029,0.000018,0.000026,0.000062,-0.000031
3712076172.700000,0.156966,0.030419,0.001540,0.162079,0.028586,0.001595,0.169803,0.030009,0.001671,0.162964,0.029666,0.001602,294.085297,138.254373,1.997492,135.558973,-63.642217,-2.896558,127.578161,-70.960945,2.780328,125.959101,-70.786727,2.601920,0.000033,0.000045,3712076172.700000,69.583458,-1.506531,-36.066002,-59.476013,-33.813499,61.583172,69.787842,-1.503612,-0.000028,0.000002,0.000018,-0.000003,-0.000020,0.000003,0.000006,0.000008,50.000065,0.000045,3712076172.700000,69.559896,-1.613175,-36.150496,-59.401426,-33.700431,61.621098,69.764647,-1.614943,0.000006,0.000010,-0.000047,0.000021,0.000070,0.000014,-0.000004,-0.000036,50.000032,0.000000,72.500000,0.234425,6.950608,5.897504,-3.675973,-6.195075,-3.302643,0.000006,-0.000051,-0.000027,0.000034,-0.000025,0.000052
3712076172.720000,0.155253,0.029427,0.001524,0.159977,0.029090,0.001573,0.172289,0.032119,0.001692,0.162536,0.030221,0.001597,137.557277,85.169009,-0.816289,128.805191,-67.107864,-3.719850,127.995561,-71.724308,-3.301101,119.213352,-48.181795,1.718647,-0.000106,0.001326,3712076172.720000,69.583122,-1.507366,-36.067337,-59.476059,-33.815548,61.584023,69.788559,-1.503819,0.000040,-0.000009,0.000001,-0.000026,-0.000014,-0.000016,0.000021,0.000006,49.999897,0.001311,3712076172.720000,69.560275,-1.612945,-36.150324,-59.401976,-33.700450,61.621372,69.764985,-1.614766,0.000018,0.000013,-0.000045,0.000065,0.000041,0.000064,0.000006,-0.000042,50.000003,-0.000015,72.500000,-2.370914,-6.538247,-4.473559,5.317837,6.912139,1.226239,0.000025,0.000053,0.000026,-0.000056,0.000035,-0.000063
3712076172.740000,0.153446,0.026232,0.001512,0.159537,0.031885,0.001563,0.174953,0.032204,0.001719,0.162672,0.030108,0.001598,354.626571,209.720534,-1.896715,124.578376,-68.913116,-3.890603,248.382462,62.143480,2.470849,145.215501,-54.400676,2.984976,0.000071,-0.000496,3712076172.740000,69.580925,-1.508215,-36.068657,-59.476685,-33.816582,61.583298,69.788185,-1.503959,0.000034,-0.000014,-0.000007,-0.000027,-0.000040,0.000009,0.000010,0.000012,50.000095,-0.000503,3712076172.740000,69.560318,-1.612974,-36.150045,-59.401299,-33.699795,61.621505,69.764687,-1.615018,0.000001,0.000012,-0.000042,0.000080,0.000023,0.000011,-0.000016,-0.000030,50.000024,-0.000008,72.500000,4.275509,5.485414,2.610895,-6.440584,-6.952550,0.969364,-0.000037,-0.000032,0.000028,0.000042,0.000014,0.000067
3712076172.760000,0.153296,0.028683,0.001506,0.161659,0.032371,0.001584,0.173785,0.030037,0.001711,0.162938,0.030361,0.001601,75.734758,44.836644,0.512764,125.827455,-74.165132,-3.114719,23.416697,-22.662811,0.067034,124.172776,-38.756101,4.575783,-0.000037,0.001380,3712076172.760000,69.582283,-1.508183,-36.067780,-59.478134,-33.816059,61.582321,69.788544,-1.503441,0.000018,0.000016,0.000013,-0.000019,-0.000006,-0.000036,-0.000007,0.000013,49.999966,0.001366,3712076172.760000,69.559982,-1.612487,-36.150221,-59.401714,-33.700493,61.621596,69.764866,-1.614652,0.000016,0.000003,-0.000048,0.000073,-0.000010,-0.000046,-0.000019,-0.000014,50.000003,-0.000014,72.500000,-5.761245,-3.895258,-0.493282,6.932333,6.312928,-3.069517,0.000017,-0.000011,-0.000041,-0.000031,-0.000039,-0.000043
3712076172.780000,0.154191,0.030596,0.001511,0.162717,0.030329,0.001598,0.171150,0.027703,0.001689,0.162692,0.029534,0.001600,253.028059,53.566744,3.274997,78.222761,-70.440960,0.636280,93.948150,-63.871817,-1.220600,102.294454,-62.083095,1.442063,0.000029,-0.001775,3712076172.780000,69.583702,-1.508380,-36.066273,-59.477001,-33.813721,61.581688,69.787865,-1.503830,-0.000030,0.000009,-0.000027,0.000015,0.000004,-0.000018,0.000016,-0.000011,50.000034,-0.001781,3712076172.780000,69.560061,-1.613026,-36.150331,-59.401261,-33.700344,61.621630,69.764765,-1.614988,0.000018,-0.000008,-0.000044,0.000094,0.000050,-0.000005,-0.000024,-0.000045,50.000005,-0.000006,72.500000,6.682400,1.924552,-1.673854,-6.745539,-5.055897,4.870931,-0.000002,0.000028,0.000058,0.000017,0.000015,0.000043
3712076172.800000,0.156268,0.031018,0.001531,0.162717,0.028453,0.001602,0.170452,0.030401,0.001677,0.163158,0.029954,0.001604,198.372639,55.508200,1.737765,132.459791,-60.554251,-3.850270,148.913188,-37.811403,2.302241,147.138210,-37.516782,2.239292,-0.000011,0.001394,3712076172.800000,69.583870,-1.506797,-36.065414,-59.476536,-33.814236,61.583221,69.788170,-1.503240,0.000031,0.000018,-0.000002,-0.000033,0.000020,-0.000006,0.000014,0.000004,50.000004,0.001393,3712076172.800000,69.559905,-1.612852,-36.150356,-59.401786,-33.700672,61.621106,69.764772,-1.614667,0.000008,-0.000021,-0.000052,0.000066,-0.000029,-0.000018,-0.000008,-0.000022,50.000014,-0.000001,72.500000,-6.950734,0.234638,3.675426,5.898053,3.302480,-6.194502,0.000012,-0.000010,-0.000074,0.000001,-0.000036,0.000009
3712076172.820000,0.155521,0.027697,0.001530,0.160439,0.028860,0.001578,0.172636,0.033319,0.001694,0.162891,0.029965,0.001601,176.791179,106.536757,-1.026141,57.009537,-48.640804,0.417948,197.622251,1.993635,2.724730,39.701061,-30.292193,0.308589,-0.000026,-0.002276,3712076172.820000,69.582275,-1.507215,-36.066753,-59.475746,-33.815426,61.584785,69.788284,-1.503815,-0.000026,-0.000008,-0.000035,0.000031,0.000024,0.000001,-0.000007,-0.000018,49.999977,-0.002292,3712076172.820000,69.560621,-1.613237,-36.150128,-59.401616,-33.699847,61.621436,69.764882,-1.615051,-0.000003,-0.000013,-0.000037,0.000082,-0.000021,-0.000010,-0.000018,-0.000021,50.000003,-0.000016,72.500000,6.537734,-2.371411,-5.318758,-4.474026,-1.226802,6.911310,-0.000006,0.000019,0.000047,-0.000021,0.000042,-0.000009
3712076172.840000,0.153523,0.026750,0.001512,0.161219,0.029851,0.001584,0.174897,0.031754,0.001720,0.163249,0.029461,0.001605,16.982358,-14.077727,0.102514,134.266198,-65.628941,-3.051031,258.182108,68.941752,3.729431,126.138208,-26.532802,1.605745,0.000003,0.001290,3712076172.840000,69.581253,-1.507853,-36.066708,-59.476299,-33.816589,61.582848,69.787735,-1.503262,-0.000011,-0.000030,0.000019,-0.000017,0.000003,0.000039,0.000021,-0.000011,50.000027,0.001284,3712076172.840000,69.560287,-1.612595,-36.150086,-59.401360,-33.699938,61.621341,69.764678,-1.614825,-0.000017,-0.000033,-0.000052,0.000054,-0.000014,-0.000018,-0.000015,-0.000028,50.000024,-0.000005,72.500000,-5.484762,4.275686,6.440682,2.611147,-0.968655,-6.952339,-0.000014,-0.000042,-0.000052,0.000006,-0.000019,0.000028
3712076172.860000,0.151843,0.028926,0.001490,0.161150,0.031159,0.001581,0.173799,0.028691,0.001714,0.162286,0.029584,0.001595,25.396912,-17.638857,0.201682,109.245372,-71.552073,-1.769886,51.415025,-4.943416,-0.531128,73.200421,-63.640114,-0.609213,-0.000107,-0.000426,3712076172.860000,69.582901,-1.509439,-36.067574,-59.476902,-33.815319,61.581810,69.788086,-1.504134,0.000001,-0.000031,0.000015,0.000019,-0.000007,0.000033,-0.000005,-0.000014,49.999886,-0.000445,3712076172.860000,69.560453,-1.612678,-36.150288,-59.401302,-33.700055,61.621996,69.764958,-1.614996,-0.000007,-0.000037,-0.000076,0.000040,-0.000024,0.000026,0.000010,-0.000038,49.999992,-0.000019,72.500000,3.895046,-5.761088,-6.932507,-0.493107,3.069929,6.313267,0.000025,0.000056,0.000061,0.000011,0.000012,-0.000019
3712076172.880000,0.154246,0.030203,0.001512,0.162173,0.029938,0.001594,0.171303,0.028512,0.001689,0.162591,0.029549,0.001599,306.712602,128.203545,3.935540,90.848579,-54.004298,-5.145655,148.527170,-51.461119,-3.168365,122.509044,-69.305164,3.988406,0.000088,0.000794,3712076172.880000,69.583313,-1.508047,-36.066540,-59.476471,-33.814030,61.581955,69.787758,-1.503839,-0.000022,0.000020,-0.000014,-0.000029,-0.000002,-0.000021,-0.000012,0.000001,50.000114,0.000794,3712076172.880000,69.559944,-1.612794,-36.150454,-59.401136,-33.700367,61.621406,69.764650,-1.614922,0.000001,-0.000013,-0.000069,0.000002,0.000004,0.000043,0.000023,-0.000033,50.000026,0.000000,72.500000,-1.924885,6.683312,6.744796,-1.673163,-4.871262,-5.054680,-0.000028,-0.000054,-0.000062,-0.000008,-0.000026,0.000022
3712076172.900000,0.157979,0.030147,0.001551,0.160338,0.028513,0.001578,0.170382,0.032530,0.001672,0.162920,0.030406,0.001600,20.142353,-4.911546,-0.200662,109.686562,-67.273544,4.565169,139.092863,-38.225321,-2.034934,87.145388,-51.996152,-1.058029,-0.000059,0.000507,3712076172.900000,69.583649,-1.505481,-36.066933,-59.475616,-33.814445,61.585125,69.788673,-1.503650,-0.000011,-0.000034,-0.000005,0.000019,0.000051,-0.000004,-0.000002,-0.000024,49.999943,0.000502,3712076172.900000,69.560261,-1.612885,-36.150409,-59.401706,-33.700453,61.621538,69.764965,-1.614842,-0.000005,-0.000037,-0.000055,-0.000023,-0.000032,0.000077,0.000042,-0.000028,50.000002,-0.000005,72.500000,-0.235215,-6.951059,-5.898364,3.675066,6.194002,3.302145,0.000029,0.000051,0.000070,0.000014,0.000020,-0.000017
3712076172.920000,0.156826,0.028872,0.001541,0.159792,0.028180,0.001573,0.172597,0.034344,0.001691,0.163094,0.030476,0.001602,165.588529,4.488131,-1.887174,174.424949,-21.839825,2.728169,88.387068,-42.240435,-1.072215,168.905586,-29.233003,2.841562,0.000029,-0.000689,3712076172.920000,69.582802,-1.506331,-36.066826,-59.474831,-33.815556,61.585209,69.788353,-1.503726,-0.000035,-0.000004,0.000001,0.000030,0.000032,0.000035,-0.000025,0.000012,50.000057,-0.000701,3712076172.920000,69.560314,-1.613106,-36.150127,-59.401297,-33.699783,61.621145,69.764593,-1.615031,0.000014,-0.000031,0.000014,-0.000035,-0.000026,0.000078,0.000039,-0.000006,50.000028,-0.000012,72.500000,2.371282,6.537882,4.473166,-5.318545,-6.911927,-1.227060,-0.000054,-0.000020,-0.000083,-0.000026,-0.000014,0.000016
3712076172.940000,0.152708,0.027211,0.001502,0.160203,0.030719,0.001572,0.175084,0.031757,0.001722,0.162701,0.029898,0.001599,214.053655,17.584932,3.503606,96.692919,-64.290173,4.985395,57.190238,-27.514664,0.597742,107.404931,-55.781035,1.523344,-0.000059,0.000825,3712076172.940000,69.581680,-1.508447,-36.067795,-59.476757,-33.816864,61.583027,69.788284,-1.503649,-0.000020,0.000033,-0.000018,0.000004,-0.000060,0.000013,0.000002,0.000021,49.999943,0.000803,3712076172.940000,69.560407,-1.612548,-36.150147,-59.401735,-33.700095,61.621583,69.764932,-1.614760,0.000006,-0.000032,-0.000024,-0.000046,-0.000059,0.000061,0.000047,-0.000003,50.000002,-0.000021,72.500000,-4.275113,-5.485139,-2.611115,6.440249,6.953173,-0.969046,0.000047,-0.000001,0.000059,0.000005,-0.000009,-0.000026
3712076172.960000,0.152937,0.027381,0.001504,0.161046,0.031302,0.001580,0.174588,0.027119,0.001724,0.162871,0.028592,0.001603,91.805308,74.004743,-0.414820,138.937829,41.172244,1.184949,83.468374,-39.896198,-5.298152,85.215213,-54.050641,1.014878,0.000075,-0.001542,3712076172.960000,69.581688,-1.508667,-36.067558,-59.476830,-33.815182,61.580116,69.787148,-1.503642,0.000009,-0.000043,0.000055,-0.000014,-0.000060,-0.000023,0.000005,0.000023,50.000088,-0.001549,3712076172.960000,69.560293,-1.612907,-36.150141,-59.401193,-33.699800,61.621626,69.764700,-1.615060,0.000015,-0.000020,0.000005,-0.000040,-0.000086,0.000062,0.000048,0.000016,50.000012,-0.000006,72.500000,5.760920,3.896014,0.492801,-6.931912,-6.313277,3.070946,-0.000014,-0.000007,-0.000048,0.000010,-0.000012,0.000015
3712076172.980000,0.155516,0.030349,0.001525,0.162488,0.029032,0.001599,0.171174,0.027466,0.001689,0.163069,0.028946,0.001605,169.816099,2.499581,-1.989316,264.874414,79.506742,2.462474,83.111735,-63.617028,-5.364542,140.633968,-54.307684,-3.712313,-0.000059,0.001433,3712076172.980000,69.583374,-1.507011,-36.065800,-59.476704,-33.813984,61.581310,69.787529,-1.503147,-0.000006,-0.000026,0.000028,0.000069,-0.000024,-0.000028,-0.000024,-0.000006,49.999947,0.001421,3712076172.980000,69.559884,-1.612636,-36.150332,-59.401731,-33.700648,61.621421,69.764833,-1.614657,0.000025,0.000005,0.000012,-0.000040,-0.000102,0.000005,0.000036,0.000040,50.000005,-0.000012,72.500000,-6.683275,-1.924667,1.672726,6.745089,5.054928,-4.870450,-0.000000,0.000010,0.000019,-0.000017,0.000003,-0.000025
3712076173.000000,0.157330,0.029499,0.001545,0.161092,0.028039,0.001586,0.169237,0.030873,0.001664,0.162571,0.029471,0.001599,25.203751,-25.160904,-0.016981,51.232151,-15.500741,-0.537666,65.584480,-23.697728,0.715235,38.831706,-36.157206,-0.177474,-0.000023,-0.001789,3712076173.000000,69.583313,-1.506293,-36.066013,-59.475464,-33.812889,61.584229,69.787842,-1.503979,0.000019,0.000011,-0.000002,-0.000028,-0.000035,-0.000043,0.000019,0.000021,49.999981,-0.001793,3712076173.000000,69.560383,-1.613334,-36.150166,-59.401529,-33.699979,61.621374,69.764788,-1.615060,0.000026,0.000015,0.000015,-0.000030,-0.000071,-0.000013,0.000023,0.000037,50.000004,-0.000004,72.500000,6.950091,-0.234956,-3.676310,-5.898427,-3.303303,6.194312,-0.000009,-0.000002,-0.000002,0.000028,-0.000013,0.000012
3712076173.020000,0.156712,0.028141,0.001541,0.160635,0.028918,0.001580,0.172150,0.032777,0.001690,0.163191,0.029949,0.001604,101.091728,-98.895801,-2.990332,91.489524,-31.072443,-1.089585,39.154733,-21.973041,-0.368974,99.793007,-97.035501,-1.486121,0.000017,0.002006,3712076173.020000,69.582222,-1.506016,-36.066639,-59.475838,-33.815155,61.584293,69.788086,-1.503362,0.000026,-0.000011,-0.000022,-0.000020,-0.000056,-0.000008,0.000012,0.000023,50.000042,0.002002,3712076173.020000,69.560243,-1.612817,-36.150105,-59.401605,-33.700000,61.621146,69.764691,-1.614813,-0.002211,0.001320,0.000010,-0.000042,-0.000063,-0.000036,-0.000726,0.000474,50.000025,-0.000004,72.500000,-6.537577,2.370972,5.318382,4.473257,1.227128,-6.912301,0.002234,-0.001349,-0.000042,-0.000010,-0.000004,-0.000001
3712076173.040000,0.154383,0.025985,0.001522,0.159194,0.030858,0.001562,0.174829,0.031583,0.001719,0.162831,0.029478,0.001601,352.415597,349.822735,-0.201533,178.134687,-21.182440,3.317679,58.453500,-56.483435,-0.228607,62.733735,-61.841901,0.170842,-0.000033,-0.001402,3712076173.040000,69.581276,-1.507364,-36.068333,-59.476139,-33.816109,61.583313,69.788017,-1.503812,0.000008,0.000031,-0.000013,0.000030,-0.000020,-0.000020,-0.000002,0.000012,49.999962,-0.001421,3712076173.040000,69.560827,-1.612819,-36.150006,-59.401416,-33.699538,61.621898,69.764954,-1.615076,0.000000,0.000007,0.000010,-0.000040,-0.000035,-0.000055,0.000000,0.000031,49.999995,-0.000019,72.500000,5.485096,-4.275424,-6.440692,-2.611293,0.969347,6.952677,0.000023,-0.000009,0.000049,-0.000017,0.000013,0.000021
3712076173.060000,0.153664,0.027641,0.001511,0.162208,0.030081,0.001594,0.173938,0.027895,0.001717,0.163293,0.028532,0.001608,89.318493,58.552663,-0.542280,131.938432,-20.736327,-1.641823,120.949818,-69.725518,2.230787,138.785151,-50.099392,-2.316479,0.000059,0.000073,3712076173.060000,69.581734,-1.507760,-36.066345,-59.476486,-33.815090,61.580925,69.787079,-1.503208,0.000021,-0.000016,-0.000041,-0.000005,0.000018,-0.000006,0.000006,-0.000017,50.000080,0.000073,3712076173.060000,69.560148,-1.612476,-36.150213,-59.401063,-33.699928,61.621693,69.764667,-1.614933,0.000017,-0.000002,0.000010,-0.000051,-0.000052,-0.000036,0.000017,0.000032,50.000021,0.000000,72.500000,-3.895504,5.761668,6.932090,0.493169,-3.070225,-6.312302,-0.000029,0.000011,-0.000038,0.000038,-0.000021,-0.000019
3712076173.080000,0.154732,0.029487,0.001519,0.162873,0.029840,0.001601,0.170635,0.027136,0.001684,0.162758,0.028817,0.001602,199.151677,120.123348,1.129765,176.168584,156.627933,-0.508865,94.178739,-68.360571,1.227249,222.587380,28.133557,-2.696229,-0.000125,-0.000177,3712076173.080000,69.583199,-1.507569,-36.066036,-59.477081,-33.813202,61.581902,69.787659,-1.503663,0.000003,-0.000040,-0.000027,-0.000054,0.000013,-0.000017,0.000022,-0.000020,49.999866,-0.000190,3712076173.080000,69.560318,-1.612771,-36.150421,-59.401541,-33.700280,61.622048,69.765057,-1.614970,-0.000016,-0.000009,0.000001,-0.000024,-0.000037,-0.000056,-0.000009,0.000021,49.999992,-0.000013,72.500000,1.923798,-6.683026,-6.745703,1.673064,4.870198,5.055412,0.000027,-0.000010,0.000024,-0.000058,0.000000,-0.000020
3712076173.100000,0.157034,0.030031,0.001541,0.160994,0.029083,0.001583,0.169648,0.030239,0.001669,0.162579,0.029791,0.001598,252.034339,92.783478,2.008877,208.742891,68.894448,1.720808,80.780912,-19.762982,-0.904986,352.446769,342.795412,0.391780,0.000017,0.000582,3712076173.100000,69.583275,-1.506174,-36.066814,-59.475548,-33.813114,61.583759,69.787895,-1.504014,0.000055,0.000017,0.000051,0.000015,-0.000026,-0.000007,-0.000008,0.000023,50.000046,0.000581,3712076173.100000,69.559982,-1.612924,-36.150418,-59.401096,-33.700089,61.621476,69.764619,-1.615054,-0.000004,-0.000030,0.000004,-0.000031,-0.000013,-0.000031,0.000000,0.000005,50.000029,-0.000001,72.500000,0.234669,6.950695,5.897706,-3.675994,-6.195007,-3.302683,-0.000035,0.000008,0.000021,0.000075,0.000013,-0.000006
3712076173.120000,0.156057,0.028358,0.001534,0.159356,0.028303,0.001568,0.172405,0.033646,0.001691,0.162631,0.030108,0.001598,361.585787,286.578407,1.190509,95.396692,43.802823,0.722298,42.978875,-8.721412,-0.444135,462.944065,432.179036,0.735841,-0.000019,0.001391,3712076173.120000,69.582489,-1.506418,-36.067295,-59.475124,-33.815601,61.585331,69.788452,-1.503848,0.000059,0.000016,-0.000013,-0.000042,-0.000031,-0.000025,0.000005,0.000026,49.999985,0.001369,3712076173.120000,69.560370,-1.612724,-36.150276,-59.401686,-33.700097,61.621679,69.764955,-1.614879,0.000010,-0.000013,-0.000026,-0.000016,-0.000019,-0.000040,0.000004,0.000003,50.000004,-0.000022,72.500000,-2.371150,-6.538286,-4.473832,5.317897,6.911961,1.226156,0.000014,-0.000003,-0.000031,-0.000048,-0.000016,-0.000029
3712076173.140000,0.154927,0.025563,0.001528,0.160204,0.028749,0.001576,0.174874,0.031691,0.001720,0.163367,0.028677,0.001608,42.130089,37.766490,-0.159248,186.775821,9.418076,-2.201943,305.487290,107.975907,-3.413364,128.727170,110.105613,0.464241,0.000098,-0.001051,3712076173.140000,69.580498,-1.507073,-36.066952,-59.475155,-33.816265,61.583096,69.787209,-1.503399,0.000056,0.000007,-0.000006,-0.000040,0.000005,-0.000031,0.000005,0.000026,50.000118,-0.001065,3712076173.140000,69.560332,-1.612966,-36.150235,-59.401169,-33.699643,61.621624,69.764695,-1.615156,0.000039,0.000011,0.000033,0.000017,-0.000007,0.000014,0.000008,0.000010,50.000020,-0.000014,72.500000,4.275712,5.485619,2.611132,-6.440511,-6.952475,0.969525,-0.000008,0.000004,0.000051,0.000023,0.000043,0.000010
3712076173.160000,0.153784,0.028425,0.001511,0.161797,0.030986,0.001588,0.174471,0.027667,0.001722,0.163370,0.029025,0.001607,155.686903,-31.986155,-2.355562,235.350491,96.111709,-4.534770,174.994890,-4.583789,-2.218826,11.945787,-1.483120,0.119494,-0.000074,0.000226,3712076173.160000,69.582253,-1.507641,-36.067074,-59.477272,-33.815769,61.580849,69.787697,-1.503038,-0.000028,-0.000006,-0.000063,-0.000019,0.000002,-0.000022,0.000007,-0.000021,49.999931,0.000211,3712076173.160000,69.560122,-1.612329,-36.150264,-59.401525,-33.700329,61.621952,69.764941,-1.614750,0.000035,-0.000023,-0.000004,0.000033,0.000017,0.000016,0.000004,-0.000022,50.000005,-0.000015,72.500000,-5.761294,-3.895394,-0.493376,6.932288,6.312943,-3.069747,0.000022,-0.000005,-0.000031,0.000011,-0.000034,-0.000010
3712076173.180000,0.154696,0.029870,0.001518,0.162364,0.031944,0.001592,0.171855,0.026599,0.001698,0.162969,0.029466,0.001603,264.434258,188.606384,-1.153987,186.194483,26.094030,-1.925918,115.206775,-47.954297,1.624991,71.492087,-0.991263,-0.734844,-0.000007,-0.002277,3712076173.180000,69.583199,-1.507917,-36.067348,-59.477703,-33.813850,61.580933,69.787888,-1.503706,0.000066,0.000016,0.000063,-0.000017,-0.000014,0.000031,-0.000027,-0.000007,50.000004,-0.002279,3712076173.180000,69.560053,-1.613034,-36.150423,-59.401246,-33.700297,61.621856,69.764831,-1.615070,0.000004,0.000023,-0.000005,0.000052,0.000060,0.000024,-0.000016,-0.000024,50.000010,-0.000002,72.500000,6.682419,1.924812,-1.673657,-6.745330,-5.055709,4.871251,0.000008,0.000010,0.000030,-0.000025,0.000012,-0.000007
3712076173.200000,0.157194,0.030360,0.001542,0.162194,0.030186,0.001593,0.169870,0.029960,0.001672,0.163104,0.030165,0.001603,175.384673,158.020388,0.478227,33.293265,-19.878062,-0.299493,72.577970,-50.619109,0.758190,200.054364,3.464310,2.774862,-0.000047,0.002009,3712076173.200000,69.583450,-1.505884,-36.066612,-59.477154,-33.813744,61.583363,69.788368,-1.503342,0.000061,0.000090,0.000006,0.000035,0.000009,0.000036,0.000008,0.000027,49.999973,0.002009,3712076173.200000,69.559927,-1.612697,-36.150422,-59.401680,-33.700644,61.621345,69.764825,-1.614700,0.000037,0.000020,-0.000005,0.000044,0.000063,0.000040,0.000002,-0.000027,50.000020,-0.000000,72.500000,-6.950805,0.234385,3.675244,5.897858,3.302312,-6.194673,0.000004,-0.000009,0.000006,0.000046,0.000003,-0.000034
3712076173.220000,0.156560,0.028307,0.001540,0.159588,0.029228,0.001569,0.171776,0.033059,0.001685,0.162669,0.030211,0.001598,298.162619,102.892994,-3.518158,106.402150,-21.666733,-5.024765,120.026860,-34.422801,1.578884,205.926630,40.184281,-2.043063,-0.000029,-0.001077,3712076173.220000,69.582748,-1.506588,-36.067551,-59.475735,-33.814884,61.584957,69.788536,-1.504022,-0.000127,-0.000013,-0.000035,-0.000009,-0.000019,0.000028,-0.000034,-0.000002,49.999977,-0.001090,3712076173.220000,69.560656,-1.613258,-36.150237,-59.401722,-33.699902,61.621489,69.764967,-1.615065,0.000056,0.000029,-0.000025,0.000039,0.000042,0.000029,0.000013,-0.000021,50.000006,-0.000014,72.500000,6.537646,-2.371225,-5.318669,-4.473975,-1.226821,6.911392,0.000024,-0.000038,-0.000018,-0.000024,-0.000018,0.000023
3712076173.240000,0.154637,0.028101,0.001520,0.160121,0.029469,0.001574,0.174631,0.031793,0.001717,0.163165,0.029792,0.001604,266.741868,75.196428,-2.624453,105.601177,-30.146100,-1.300684,182.262949,-15.947263,-2.861389,198.256524,47.879772,-1.824987,0.000043,0.001273,3712076173.240000,69.582291,-1.507143,-36.067280,-59.475773,-33.816517,61.583221,69.788116,-1.503362,-0.000051,-0.000078,0.000019,0.000024,-0.000028,-0.000020,-0.000030,-0.000004,50.000069,0.001266,3712076173.240000,69.560372,-1.612482,-36.150174,-59.401438,-33.700024,61.621597,69.764831,-1.614818,0.000048,0.000024,-0.000026,0.000035,0.000039,0.000014,0.000008,-0.000019,50.000025,-0.000007,72.500000,-5.484683,4.275489,6.440576,2.611137,-0.968583,-6.952502,-0.000015,0.000032,0.000012,-0.000023,-0.000002,-0.000041
3712076173.260000,0.153606,0.029133,0.001508,0.160986,0.031390,0.001579,0.173899,0.028365,0.001715,0.162849,0.029631,0.001601,119.064543,-59.983551,-1.898372,114.697217,-63.655133,-1.825930,183.705990,-13.729160,2.808399,101.426322,-61.439776,-1.414614,-0.000055,-0.001367,3712076173.260000,69.583252,-1.508129,-36.067738,-59.477123,-33.815277,61.581722,69.788269,-1.503706,-0.000013,-0.000019,0.000013,0.000015,-0.000009,0.000019,-0.000009,-0.000006,49.999935,-0.001387,3712076173.260000,69.560633,-1.612586,-36.150242,-59.401463,-33.700027,61.622161,69.765100,-1.614961,0.000056,-0.000015,-0.000050,0.000024,0.000017,-0.000017,0.000012,-0.000026,49.999990,-0.000020,72.500000,3.894956,-5.760815,-6.932394,-0.493081,3.069835,6.313263,0.000018,-0.000013,-0.000018,0.000027,0.000032,0.000070
3712076173.280000,0.154941,0.030399,0.001519,0.162614,0.029848,0.001598,0.170980,0.027689,0.001687,0.162852,0.029303,0.001602,67.413008,-22.079341,-0.738216,32.931594,-22.564205,-6.009754,136.004511,-58.393172,2.520253,112.368907,-23.097424,1.355408,0.000013,0.000361,3712076173.280000,69.583351,-1.507472,-36.066338,-59.476742,-33.813816,61.581680,69.787697,-1.503561,0.000045,-0.000011,-0.000040,-0.000006,-0.000009,0.000009,0.000014,0.000011,50.000038,0.000361,3712076173.280000,69.559835,-1.612682,-36.150561,-59.401292,-33.700549,61.621574,69.764756,-1.614865,0.000052,0.000029,-0.000052,0.000006,0.000030,-0.000005,0.000018,-0.000014,50.000025,0.000000,72.500000,-1.924799,6.683105,6.744736,-1.673112,-4.871146,-5.054701,-0.000019,0.000026,0.000002,-0.000027,-0.000012,-0.000064
3712076173.300000,0.155412,0.029924,0.001525,0.161377,0.028168,0.001589,0.169790,0.030990,0.001669,0.162213,0.029699,0.001594,59.992829,-20.300447,-0.643402,110.599886,94.794160,0.411127,114.216874,-43.853301,-1.561271,65.639857,53.871446,-0.303496,-0.000096,0.000435,3712076173.300000,69.583466,-1.507227,-36.066307,-59.475887,-33.813831,61.584412,69.788277,-1.504063,0.000051,-0.000032,-0.000074,-0.000038,-0.000018,-0.000020,0.000020,-0.000030,49.999901,0.000424,3712076173.300000,69.560271,-1.612844,-36.150573,-59.401779,-33.700549,61.621669,69.765071,-1.614857,0.000075,0.000006,-0.000042,-0.000003,0.000035,-0.000032,0.000018,-0.000015,49.999997,-0.000011,72.500000,-0.235343,-6.950816,-5.898424,3.675274,6.193870,3.302378,-0.000035,-0.000029,0.000024,0.000025,-0.000008,0.000058
3712076173.320000,0.155509,0.027737,0.001530,0.160221,0.029117,0.001575,0.172372,0.033526,0.001691,0.162725,0.030133,0.001599,61.615356,-36.379277,0.634033,244.532721,227.612030,5.784207,170.237248,-27.777522,2.833563,308.519390,145.026098,-2.109633,0.000080,0.000151,3712076173.320000,69.581932,-1.507023,-36.067234,-59.475586,-33.815453,61.584919,69.788246,-1.503930,0.000023,0.000019,-0.000045,0.000024,0.000013,0.000028,0.000003,-0.000021,50.000107,0.000144,3712076173.320000,69.560251,-1.613029,-36.150355,-59.401399,-33.699996,61.621337,69.764730,-1.615024,0.000047,0.000003,-0.000015,-0.000000,-0.000006,-0.000043,0.000007,0.000005,50.000026,-0.000007,72.500000,2.371395,6.537620,4.473123,-5.318813,-6.911817,-1.227245,0.000060,0.000016,-0.000044,-0.000009,0.000036,-0.000036
3712076173.340000,0.154049,0.027149,0.001516,0.159652,0.031106,0.001566,0.174677,0.032957,0.001715,0.162826,0.030412,0.001599,189.432509,35.631064,-1.850505,270.093951,84.557968,-2.469719,72.447487,-53.096407,0.736207,66.048739,-19.695653,-0.718895,-0.000058,0.001165,3712076173.340000,69.581680,-1.507385,-36.068447,-59.476803,-33.816967,61.584282,69.788788,-1.503655,-0.000004,-0.000028,0.000025,0.000006,0.000022,0.000000,-0.000009,-0.000001,49.999943,0.001144,3712076173.340000,69.560430,-1.612443,-36.150279,-59.401781,-33.700186,61.621882,69.765076,-1.614779,0.000021,0.000003,-0.000013,0.000006,0.000036,-0.000032,-0.000008,-0.000009,50.000001,-0.000021,72.500000,-4.275202,-5.485046,-2.610882,6.440298,6.953094,-0.968973,-0.000047,0.000015,0.000053,0.000007,-0.000014,0.000021
3712076173.360000,0.152890,0.028446,0.001502,0.161442,0.031459,0.001583,0.174305,0.029022,0.001718,0.162901,0.029635,0.001602,139.510313,-39.215792,-2.065191,41.197514,15.008456,0.359691,180.292047,-18.019619,2.867592,149.418042,-37.859871,2.320019,0.000063,-0.001874,3712076173.360000,69.582321,-1.508799,-36.067596,-59.477215,-33.815662,61.581772,69.788033,-1.503771,0.000031,0.000029,-0.000035,0.000009,-0.000020,0.000007,0.000016,-0.000008,50.000072,-0.001882,3712076173.360000,69.560189,-1.612851,-36.150344,-59.401350,-33.700006,61.621908,69.764860,-1.615062,-0.000067,0.000022,-0.000026,0.000018,0.000026,-0.000002,-0.000028,-0.000010,50.000009,-0.000008,72.500000,5.760898,3.895988,0.492460,-6.931783,-6.313236,3.070957,0.000045,-0.000026,-0.000034,-0.000018,0.000002,-0.000028
3712076173.380000,0.154568,0.032026,0.001512,0.163150,0.030693,0.001602,0.171479,0.028237,0.001691,0.163065,0.030310,0.001602,299.253689,163.643064,-1.762474,142.157785,-56.025318,-2.796043,158.058362,-41.913312,-3.180860,190.104346,-3.407471,2.626255,-0.000064,0.001848,3712076173.380000,69.584404,-1.507824,-36.066502,-59.477871,-33.814636,61.582146,69.788673,-1.503378,0.000043,0.000005,0.000021,-0.000003,-0.000012,-0.000006,0.000010,0.000015,49.999943,0.001838,3712076173.380000,69.559768,-1.612510,-36.150651,-59.401780,-33.700928,61.621843,69.765030,-1.614688,-0.000005,0.000016,-0.000043,0.000022,0.000020,0.000012,-0.000001,-0.000019,50.000007,-0.000010,72.500000,-6.683245,-1.924629,1.673029,6.745055,5.054922,-4.870374,-0.000027,0.000055,0.000013,0.000019,-0.000015,0.000016
3712076173.400000,0.157373,0.030874,0.001543,0.160993,0.029409,0.001583,0.169575,0.031271,0.001666,0.162665,0.030518,0.001598,181.391707,36.992978,-1.722328,108.669914,-50.637988,-1.507197,68.191954,-66.949723,0.225856,162.439594,30.383667,1.547276,0.000003,-0.001670,3712076173.400000,69.584114,-1.506402,-36.067059,-59.476276,-33.813492,61.584709,69.788757,-1.504089,0.000032,0.000006,0.000026,0.000019,-0.000006,0.000016,0.000024,0.000004,50.000011,-0.001674,3712076173.400000,69.560231,-1.613264,-36.150509,-59.401653,-33.700281,61.621701,69.764975,-1.615083,-0.000008,0.000023,-0.000035,0.000054,-0.000006,0.000052,0.000004,-0.000019,50.000008,-0.000004,72.500000,6.950077,-0.234908,-3.676449,-5.898198,-3.303262,6.194163,0.000020,-0.000054,-0.000022,-0.000027,0.000057,-0.000011
3712076173.420000,0.157024,0.029090,0.001543,0.161286,0.029559,0.001585,0.172056,0.033027,0.001688,0.163482,0.030567,0.001606,122.189050,-40.609175,-4.594006,43.679517,-11.537136,0.451744,146.937048,-9.358790,1.758044,151.499853,-4.295687,1.770273,0.000042,0.001278,3712076173.420000,69.582710,-1.505749,-36.066895,-59.476429,-33.815506,61.584835,69.788681,-1.503237,-0.000033,-0.000013,-0.000036,0.000007,0.000016,0.000044,0.000007,-0.000020,50.000065,0.001274,3712076173.420000,69.560069,-1.612632,-36.150452,-59.401619,-33.700355,61.621486,69.764852,-1.614804,-0.000015,0.000057,-0.000033,0.000025,0.000045,-0.000027,-0.000022,-0.000003,50.000022,-0.000004,72.500000,-6.537632,2.370921,5.318266,4.473124,1.227110,-6.912111,0.000015,0.000052,0.000050,0.000038,-0.000042,-0.000019
3712076173.440000,0.154612,0.027017,0.001522,0.160044,0.030235,0.001571,0.174922,0.031388,0.001721,0.163228,0.029552,0.001605,146.913418,-20.486438,-1.907983,263.678756,63.702920,-3.113691,231.184290,107.448886,1.580706,195.515859,17.177351,-2.237687,-0.000043,-0.002318,3712076173.440000,69.581841,-1.507295,-36.067852,-59.476151,-33.816460,61.583378,69.788208,-1.503557,0.000049,0.000023,0.000043,-0.000049,0.000038,0.000028,0.000023,0.000024,49.999954,-0.002335,3712076173.440000,69.560673,-1.612770,-36.150338,-59.401441,-33.699874,61.622128,69.765088,-1.615092,-0.000048,0.000049,-0.000026,0.000030,0.000013,-0.000018,-0.000028,0.000003,49.999997,-0.000017,72.500000,5.485170,-4.275469,-6.440530,-2.611353,0.969358,6.952376,-0.000030,-0.000053,-0.000055,-0.000030,0.000041,0.000041
3712076173.460000,0.153863,0.029031,0.001511,0.160961,0.029372,0.001582,0.174395,0.028802,0.001720,0.163101,0.029070,0.001605,102.114789,-22.399017,-5.081155,100.514033,-13.598341,5.152504,58.229658,15.688563,0.527449,278.503318,277.294316,0.133553,-0.000027,0.000406,3712076173.460000,69.582542,-1.507704,-36.067101,-59.475658,-33.815994,61.581562,69.787575,-1.503390,-0.000051,-0.000018,-0.000028,0.000042,0.000021,-0.000011,-0.000037,0.000003,49.999996,0.000403,3712076173.460000,69.559991,-1.612357,-36.150549,-59.401066,-33.700333,61.621878,69.764792,-1.614904,-0.000045,0.000052,-0.000058,-0.000009,0.000011,-0.000017,-0.000010,0.000002,50.000023,-0.000003,72.500000,-3.895512,5.761685,6.932016,0.493341,-3.070162,-6.312007,0.000064,0.000028,0.000036,0.000030,-0.000052,-0.000008
3712076173.480000,0.153626,0.030867,0.001505,0.161217,0.029931,0.001584,0.171189,0.029710,0.001686,0.162029,0.030165,0.001592,149.035289,-38.450448,-3.958802,103.827943,47.481117,-0.779943,141.188802,-58.202222,3.344995,161.434179,-38.560259,-3.158689,-0.000129,0.000497,3712076173.480000,69.584000,-1.508377,-36.067345,-59.476307,-33.814461,61.583584,69.788612,-1.504356,-0.000022,-0.000029,-0.000026,0.000033,0.000014,0.000018,0.000002,-0.000018,49.999863,0.000482,3712076173.480000,69.560180,-1.612580,-36.150684,-59.401326,-33.700591,61.622188,69.765085,-1.614951,-0.000009,0.000058,-0.000028,0.000004,-0.000041,-0.000037,-0.000003,0.000028,49.999991,-0.000015,72.500000,1.923735,-6.683037,-6.745770,1.672971,4.869910,5.055210,-0.000075,-0.000016,-0.000029,-0.000029,0.000000,0.000012
3712076173.500000,0.155921,0.029895,0.001530,0.161663,0.028698,0.001591,0.169358,0.032412,0.001662,0.162333,0.030342,0.001594,65.711812,-46.010925,0.649876,33.368345,18.551183,-0.255433,164.021068,-23.114387,2.367129,177.946175,14.781600,-4.333559,0.000088,0.001063,3712076173.500000,69.583031,-1.506805,-36.066540,-59.475491,-33.813713,61.585377,69.788315,-1.504251,-0.000036,0.000012,-0.000040,0.000035,0.000045,-0.000010,-0.000020,-0.000024,50.000114,0.001063,3712076173.500000,69.559849,-1.612787,-36.150729,-59.400997,-33.700388,61.621517,69.764659,-1.615035,-0.000040,0.000058,-0.000040,0.000020,-0.000051,-0.000032,-0.000013,0.000024,50.000027,0.000000,72.500000,0.234792,6.950652,5.897735,-3.675888,-6.194756,-3.302560,0.000084,0.000018,0.000011,0.000014,-0.000007,-0.000022
3712076173.520000,0.156464,0.028235,0.001539,0.159660,0.029221,0.001569,0.171958,0.033348,0.001687,0.162720,0.030275,0.001599,109.151810,-26.914571,-4.949069,222.883541,25.864608,-2.814118,118.676931,-54.357176,1.791787,82.675044,-20.532620,0.931707,-0.000024,0.000904,3712076173.520000,69.582428,-1.505934,-36.067726,-59.475594,-33.815456,61.585423,69.788643,-1.503791,-0.000038,-0.000004,0.000032,-0.000013,0.000033,-0.000034,-0.000031,0.000015,49.999981,0.000883,3712076173.520000,69.560388,-1.612546,-36.150459,-59.401558,-33.700297,61.621820,69.765028,-1.614860,-0.000017,0.000049,-0.000021,0.000018,-0.000089,-0.000055,-0.000009,0.000042,50.000005,-0.000021,72.500000,-2.371278,-6.538174,-4.473830,5.317878,6.911777,1.226240,-0.000081,0.000007,0.000037,-0.000019,-0.000016,0.000029
3712076173.540000,0.154394,0.027442,0.001519,0.159349,0.030990,0.001563,0.175644,0.031307,0.001728,0.163163,0.029916,0.001604,122.223191,-16.162884,-1.445816,98.916410,-98.853797,-0.330187,106.327867,-84.892842,1.935404,98.533107,-98.524242,-0.108849,0.000050,-0.001919,3712076173.540000,69.581787,-1.507472,-36.068588,-59.475914,-33.816826,61.582752,69.788124,-1.503659,0.000020,0.000018,-0.000026,-0.000042,0.000012,-0.000013,0.000021,0.000005,50.000072,-0.001927,3712076173.540000,69.560328,-1.612733,-36.150291,-59.401064,-33.699807,61.621805,69.764752,-1.615095,-0.000018,0.000027,-0.000929,-0.004164,-0.000109,-0.000044,0.001356,0.000473,50.000023,-0.000008,72.500000,4.275761,5.485427,2.611069,-6.440563,-6.952324,0.969367,0.000061,-0.000012,0.000892,0.004261,0.000058,-0.000040
3712076173.560000,0.152040,0.029877,0.001491,0.161665,0.032428,0.001584,0.174610,0.029083,0.001721,0.162788,0.030456,0.001599,145.193613,-49.914182,-3.685311,682.161521,483.487186,2.965219,80.237044,-76.403773,0.509955,133.921023,-63.809914,-3.556082,-0.000101,0.000928,3712076173.560000,69.583023,-1.508968,-36.068012,-59.477970,-33.816414,61.581848,69.788704,-1.503616,-0.000030,-0.000025,-0.000033,0.000026,-0.000002,-0.000026,-0.000006,-0.000021,49.999905,0.000912,3712076173.560000,69.559914,-1.612201,-36.150430,-59.401518,-33.700552,61.622049,69.764963,-1.614707,0.000026,0.000075,0.000006,-0.000003,-0.000058,-0.000091,-0.000008,0.000059,50.000005,-0.000017,72.500000,-5.761362,-3.895315,-0.493491,6.932207,6.312781,-3.069660,-0.000045,-0.000009,0.000052,-0.000069,-0.000049,0.000058
3712076173.580000,0.153045,0.030019,0.001500,0.162153,0.031319,0.001591,0.171579,0.028434,0.001692,0.162272,0.029919,0.001595,144.085198,-6.589866,-1.679946,51.917257,-27.225358,-0.524174,84.122794,-78.733871,-0.653999,107.122814,-46.430349,-1.440277,0.000017,-0.001720,3712076173.580000,69.583038,-1.508946,-36.067410,-59.477226,-33.814335,61.582428,69.788216,-1.504256,0.000060,-0.000013,0.000005,-0.000033,-0.000015,-0.000013,0.000029,0.000012,50.000027,-0.001721,3712076173.580000,69.559814,-1.612869,-36.150656,-59.401173,-33.700517,61.622026,69.764855,-1.615059,0.000006,0.000066,0.000028,-0.000035,-0.000021,-0.000092,-0.000015,0.000057,50.000010,-0.000002,72.500000,6.682629,1.924689,-1.673502,-6.745331,-5.055554,4.871039,0.000062,0.000027,-0.000036,0.000036,0.000034,-0.000055
3712076173.600000,0.156010,0.029963,0.001531,0.161640,0.028354,0.001591,0.170327,0.030983,0.001675,0.162680,0.029768,0.001599,196.251421,-3.692679,-3.093854,197.021530,24.910803,2.128181,123.876633,-46.096563,1.799090,140.600008,-31.230179,-4.337282,-0.000011,0.002272,3712076173.600000,69.582932,-1.506592,-36.066265,-59.475910,-33.814518,61.584190,69.788147,-1.503600,0.000011,-0.000030,0.000026,0.000017,0.000021,-0.000015,-0.000020,-0.000007,50.000004,0.002272,3712076173.600000,69.559701,-1.612626,-36.150602,-59.401607,-33.700900,61.621638,69.764886,-1.614715,-0.000010,0.000032,0.000001,-0.000025,-0.000037,-0.000032,0.000001,0.000031,50.000015,-0.000000,72.500000,-6.951020,0.234538,3.674966,5.897835,3.302135,-6.194549,-0.000080,-0.000028,0.000019,-0.000005,-0.000070,0.000049
3712076173.620000,0.155610,0.027006,0.001532,0.158792,0.028436,0.001562,0.172145,0.032627,0.001690,0.162212,0.029366,0.001595,216.303578,47.595784,2.103933,105.597441,16.384281,1.009267,175.825748,58.919870,1.433795,159.999839,8.362364,-4.533443,-0.000033,-0.000785,3712076173.620000,69.581528,-1.506999,-36.067875,-59.474899,-33.815323,61.584843,69.787979,-1.504245,0.000029,0.000001,0.000020,0.000012,0.000033,-0.000051,-0.000013,-0.000009,49.999966,-0.000807,3712076173.620000,69.560351,-1.613179,-36.150453,-59.401596,-33.700202,61.621796,69.765004,-1.615086,-0.000010,-0.000017,0.000018,-0.000009,-0.000029,-0.000025,-0.000006,0.000013,49.999999,-0.000023,72.500000,6.537901,-2.371440,-5.318529,-4.474136,-1.226624,6.911156,0.000028,0.000005,-0.000027,0.000024,0.000053,-0.000098
3712076173.640000,0.153348,0.026725,0.001510,0.159866,0.029304,0.001571,0.175198,0.031863,0.001722,0.162841,0.029302,0.001602,131.973816,93.893098,-0.679005,67.962425,-67.485349,0.141091,173.962261,87.642559,1.161155,416.332040,225.184007,-2.658287,0.000065,0.001294,3712076173.640000,69.580963,-1.507967,-36.067596,-59.475544,-33.817059,61.583168,69.787735,-1.503601,-0.000042,-0.000001,-0.000007,-0.000013,0.000028,-0.000042,-0.000011,-0.000013,50.000084,0.001283,3712076173.640000,69.560017,-1.612588,-36.150415,-59.401389,-33.700195,61.621692,69.764795,-1.614897,-0.000017,-0.000014,-0.000025,-0.000035,-0.000014,-0.000023,0.000005,0.000002,50.000019,-0.000011,72.500000,-5.484835,4.275799,6.440511,2.611394,-0.968760,-6.952193,-0.000015,-0.000006,0.000009,-0.000027,-0.000043,0.000085
3712076173.660000,0.151959,0.028332,0.001493,0.161707,0.030961,0.001587,0.174913,0.029080,0.001725,0.162886,0.029454,0.001602,97.279211,-94.340863,1.044270,78.541539,-33.169893,0.901047,60.851505,1.377795,0.613801,104.089712,-85.854787,1.797031,-0.000032,-0.001080,3712076173.660000,69.582481,-1.509410,-36.067215,-59.477230,-33.816170,61.581940,69.788162,-1.503743,0.000016,0.000019,0.000006,-0.000029,-0.000025,-0.000029,-0.000003,0.000023,49.999958,-0.001106,3712076173.660000,69.560443,-1.612819,-36.150362,-59.401528,-33.700119,61.622246,69.765115,-1.615050,0.000435,-0.000081,-0.000029,-0.000034,-0.000037,-0.000009,0.000163,-0.000018,49.999990,-0.000026,72.500000,3.895023,-5.761259,-6.932424,-0.493364,3.069917,6.312999,-0.000423,0.000075,0.000006,0.000020,0.000022,-0.000088
3712076173.680000,0.154643,0.030534,0.001516,0.163528,0.029864,0.001608,0.171870,0.027196,0.001697,0.163354,0.029196,0.001607,97.237164,-46.833825,1.248148,26.234202,24.240539,0.090028,180.178986,-19.404341,3.004915,112.002646,57.571363,-0.785390,0.000051,-0.000354,3712076173.680000,69.583412,-1.507694,-36.065857,-59.476799,-33.814186,61.581387,69.787636,-1.503330,0.000028,-0.000015,-0.000039,-0.000027,0.000039,0.000000,0.000003,-0.000027,50.000076,-0.000360,3712076173.680000,69.559808,-1.612671,-36.150626,-59.401005,-33.700480,61.621916,69.764762,-1.615005,-0.000010,-0.000059,-0.000033,-0.000019,-0.000048,-0.000007,0.000013,-0.000011,50.000025,-0.000005,72.500000,-1.924698,6.683453,6.744960,-1.672959,-4.871123,-5.054487,-0.000004,0.000021,0.000013,-0.000023,0.000032,0.000099
3712076173.700000,0.156972,0.030725,0.001539,0.161234,0.029014,0.001586,0.170637,0.029929,0.001680,0.162966,0.029892,0.001602,177.801185,-22.189303,3.120743,60.254081,-46.601304,0.528830,141.292396,-49.290225,-2.387451,133.784950,-43.050241,1.991832,-0.000110,-0.000332,3712076173.700000,69.584122,-1.506212,-36.066669,-59.476143,-33.813953,61.583668,69.788437,-1.503628,0.000019,0.000048,-0.000028,-0.000031,0.000035,0.000010,0.000006,0.000022,49.999893,-0.000334,3712076173.700000,69.560349,-1.612813,-36.150452,-59.401639,-33.700379,61.621934,69.765084,-1.614929,-0.000023,-0.000062,-0.000074,-0.000024,-0.000064,0.000032,0.000032,-0.000025,50.000003,-0.000002,72.500000,-0.235561,-6.951059,-5.898728,3.675097,6.193777,3.302214,-0.000013,0.000037,0.000020,0.000017,-0.000069,-0.000042
3712076173.720000,0.156727,0.027851,0.001542,0.159405,0.028492,0.001568,0.172393,0.033152,0.001691,0.162868,0.029842,0.001601,160.725404,17.022420,1.662291,36.142417,-35.642532,-0.074688,93.504234,1.533985,-0.964816,58.132453,33.253181,-0.416060,0.000026,-0.000378,3712076173.720000,69.582024,-1.505992,-36.067375,-59.474632,-33.815266,61.584885,69.787987,-1.503834,0.000040,-0.000025,-0.000037,-0.000012,-0.000001,0.000071,0.000029,-0.000031,50.000061,-0.000378,3712076173.720000,69.560245,-1.612844,-36.150296,-59.401075,-33.699876,61.621565,69.764671,-1.615072,-0.000024,-0.000032,-0.000057,-0.000024,-0.000059,0.000039,0.000029,-0.000013,50.000035,-0.000000,72.500000,2.371604,6.537897,4.473631,-5.318683,-6.911731,-1.227090,-0.000010,-0.000052,-0.000046,0.000006,0.000051,0.000001
3712076173.740000,0.154317,0.027240,0.001519,0.159594,0.029600,0.001568,0.173908,0.032325,0.001708,0.162640,0.029725,0.001599,27.338806,2.575206,-0.269550,133.438963,-62.510849,3.689436,163.768805,-20.123597,-4.000179,191.073767,-8.882933,3.098973,-0.000062,0.001152,3712076173.740000,69.581894,-1.507101,-36.067528,-59.475769,-33.816238,61.584236,69.788269,-1.503669,-0.000021,-0.000016,0.000008,0.000027,0.000021,-0.000045,-0.000031,0.000001,49.999947,0.001133,3712076173.740000,69.560577,-1.612337,-36.150042,-59.401558,-33.700079,61.622002,69.765038,-1.614763,-0.000016,-0.000021,-0.000055,-0.000051,-0.000060,0.000017,0.000034,0.000000,50.000008,-0.000020,72.500000,-4.275580,-5.485237,-2.611570,6.440202,6.952920,-0.969107,0.000028,0.000017,0.000026,-0.000029,-0.000009,-0.000003
3712076173.760000,0.152440,0.028772,0.001497,0.161563,0.032612,0.001582,0.174344,0.028610,0.001720,0.162798,0.029990,0.001600,205.811177,5.895953,-3.199011,120.366560,-66.295274,2.091251,108.665275,-83.502985,-4.228149,126.181704,-71.507855,-3.600037,0.000036,-0.001413,3712076173.760000,69.582756,-1.508820,-36.067875,-59.477463,-33.815472,61.581757,69.788261,-1.503868,0.000019,-0.000015,0.000022,-0.000007,0.000004,-0.000015,-0.000012,-0.000000,50.000050,-0.001416,3712076173.760000,69.560406,-1.612505,-36.150140,-59.400953,-33.699887,61.622183,69.764843,-1.615034,-0.000019,0.000013,-0.000051,-0.000046,-0.000090,0.000021,0.000036,0.000020,50.000013,-0.000003,72.500000,5.761423,3.896050,0.493194,-6.931913,-6.312898,3.070828,-0.000005,0.000003,-0.000006,0.000018,-0.000029,-0.000017
3712076173.780000,0.153680,0.031614,0.001504,0.162836,0.032529,0.001595,0.171637,0.028411,0.001692,0.162717,0.030842,0.001597,72.395502,37.491903,-0.534506,99.414609,-46.021567,1.286267,48.141875,-41.901399,-0.312261,48.944904,-37.286251,-0.403106,-0.000073,0.001984,3712076173.780000,69.584366,-1.508030,-36.067360,-59.478394,-33.814594,61.582306,69.788994,-1.503647,0.000027,0.000017,0.000020,-0.000027,-0.000044,-0.000009,0.000021,0.000011,49.999935,0.001976,3712076173.780000,69.560029,-1.612152,-36.150439,-59.401458,-33.700746,61.621940,69.764986,-1.614630,0.000011,0.000021,-0.000038,-0.000049,-0.000067,-0.000037,0.000024,0.000030,50.000008,-0.000008,72.500000,-6.683726,-1.924640,1.672329,6.745295,5.054586,-4.870303,0.000040,-0.000015,-0.000024,0.000002,0.000028,0.000024
3712076173.800000,0.155535,0.030527,0.001525,0.161709,0.030436,0.001588,0.169191,0.030322,0.001664,0.162163,0.030426,0.001593,88.096152,48.687361,-0.611598,129.038531,-50.203813,2.002959,75.218824,-35.111254,-5.431912,106.283713,-41.902481,1.390896,0.000008,-0.001197,3712076173.800000,69.584030,-1.507241,-36.067036,-59.476662,-33.813068,61.584358,69.788666,-1.504360,0.000042,-0.000003,0.000045,-0.000011,-0.000031,-0.000035,-0.000007,0.000031,50.000011,-0.001204,3712076173.800000,69.560416,-1.612853,-36.150433,-59.401235,-33.700310,61.621862,69.764955,-1.615012,0.000024,0.000015,-0.000058,-0.000072,-0.000072,0.000001,0.000051,0.000021,50.000004,-0.000008,72.500000,6.950462,-0.234853,-3.675901,-5.898435,-3.303011,6.194318,-0.000017,0.000014,0.000033,0.000010,-0.000027,0.000011
3712076173.820000,0.156545,0.028653,0.001539,0.160859,0.029887,0.001580,0.171599,0.032602,0.001684,0.163026,0.030383,0.001601,192.615754,4.971146,2.443415,77.335692,-50.961094,-0.856626,101.960286,-61.411333,4.854513,73.021480,-59.779058,-0.673918,0.000057,0.001672,3712076173.820000,69.582603,-1.505890,-36.067253,-59.476284,-33.815193,61.584667,69.788559,-1.503475,-0.000038,0.000009,-0.000030,-0.000007,-0.000008,0.000027,0.000020,-0.000001,50.000076,0.001664,3712076173.820000,69.560272,-1.612499,-36.150397,-59.401458,-33.700421,61.621450,69.764865,-1.614745,0.000033,0.000017,-0.000029,-0.000056,-0.000072,-0.000012,0.000041,0.000029,50.000020,-0.000008,72.500000,-6.538126,2.370945,5.317901,4.473368,1.226825,-6.912152,-0.000025,0.000007,-0.000044,-0.000016,-0.000001,-0.000006
3712076173.840000,0.154870,0.027503,0.001524,0.159744,0.030877,0.001567,0.174749,0.031931,0.001718,0.163154,0.030108,0.001603,21.215752,21.027103,0.025661,112.247316,-69.624051,1.850428,89.523214,-40.364901,5.195633,61.294864,-52.616224,0.460833,-0.000025,-0.001138,3712076173.840000,69.582390,-1.507122,-36.068264,-59.476372,-33.816414,61.583794,69.788635,-1.503664,0.000050,0.000004,0.000021,-0.000005,-0.000018,0.000032,0.000016,0.000018,49.999969,-0.001157,3712076173.840000,69.560881,-1.612711,-36.150261,-59.401436,-33.699815,61.622116,69.765130,-1.615067,0.000041,0.000002,-0.000034,-0.000062,-0.000062,-0.000002,0.000047,0.000019,49.999995,-0.000018,72.500000,5.485589,-4.275538,-6.440263,-2.611574,0.969592,6.952429,0.000014,-0.000040,0.000018,-0.000010,-0.000023,0.000026
3712076173.860000,0.153938,0.028972,0.001512,0.161669,0.030856,0.001587,0.173972,0.028781,0.001715,0.163216,0.029533,0.001605,185.967797,59.615305,1.542818,142.702926,-57.262294,3.093391,92.314540,-34.641542,-5.167835,154.291223,-37.378893,2.480336,0.000022,-0.000312,3712076173.860000,69.582787,-1.507617,-36.067181,-59.476768,-33.815479,61.581646,69.787926,-1.503362,-0.000036,0.000051,0.000031,0.000016,-0.000037,-0.000028,-0.000030,0.000017,50.000046,-0.000316,3712076173.860000,69.560275,-1.612333,-36.150354,-59.401136,-33.700087,61.621830,69.764820,-1.614891,0.000032,0.000024,-0.000070,-0.000041,-0.000064,0.000031,0.000054,0.000008,50.000023,-0.000004,72.500000,-3.895857,5.761839,6.931846,0.493553,-3.070472,-6.312104,0.000015,0.000046,-0.000021,0.000001,0.000033,-0.000035
3712076173.880000,0.155617,0.031162,0.001524,0.161910,0.029975,0.001591,0.170696,0.027032,0.001685,0.162740,0.029380,0.001600,117.631698,-51.223356,1.720821,142.262148,-54.063931,3.626430,145.075158,-50.137940,-3.680196,130.988795,-68.213774,2.884127,-0.000062,-0.000786,3712076173.880000,69.584381,-1.507035,-36.066841,-59.476727,-33.813499,61.581902,69.788132,-1.503691,0.000003,0.000027,0.000004,0.000040,0.000009,-0.000034,-0.000021,0.000005,49.999931,-0.000802,3712076173.880000,69.560327,-1.612606,-36.150579,-59.401468,-33.700564,61.622138,69.765139,-1.614905,0.000053,-0.000014,-0.000048,-0.000074,-0.000051,0.000048,0.000069,0.000001,49.999993,-0.000016,72.500000,1.924234,-6.683164,-6.745568,1.672848,4.870445,5.055298,-0.000038,-0.000026,0.000050,-0.000011,0.000012,0.000051
3712076173.900000,0.157236,0.030686,0.001542,0.162009,0.028983,0.001594,0.170127,0.028939,0.001676,0.163138,0.029536,0.001604,117.012402,14.023818,-1.150285,148.497659,-31.302027,4.149478,97.995902,-47.829081,-1.267274,93.783331,-42.099830,-1.166326,0.000021,0.000070,3712076173.900000,69.583862,-1.506098,-36.066250,-59.475914,-33.813335,61.582764,69.787849,-1.503534,-0.000032,-0.000013,-0.000017,0.000042,0.000030,0.000017,-0.000001,-0.000027,50.000050,0.000070,3712076173.900000,69.560112,-1.612892,-36.150515,-59.401142,-33.700308,61.621523,69.764742,-1.615008,-0.000001,-0.000031,-0.000039,-0.000053,-0.000014,0.000064,0.000042,-0.000019,50.000028,0.000000,72.500000,0.234323,6.950789,5.897562,-3.675722,-6.195205,-3.302553,0.000055,0.000045,-0.000076,0.000040,-0.000047,-0.000059
3712076173.920000,0.156325,0.028576,0.001537,0.158850,0.029759,0.001560,0.171827,0.032637,0.001687,0.162363,0.030332,0.001595,579.098143,571.337067,-0.366740,113.876571,-58.723187,4.558660,24.240441,-3.098417,-0.244841,194.280330,18.181193,-2.193115,-0.000120,0.000959,3712076173.920000,69.582748,-1.506218,-36.068230,-59.475784,-33.815083,61.584858,69.788666,-1.504013,-0.000100,-0.000020,-0.000012,0.000031,0.000013,0.000023,-0.000039,-0.000009,49.999886,0.000950,3712076173.920000,69.560474,-1.612683,-36.150218,-59.401763,-33.700160,61.621695,69.765018,-1.614821,-0.000013,-0.000008,-0.000070,-0.000040,0.000007,0.000026,0.000025,-0.000023,50.000006,-0.000009,72.500000,-2.371026,-6.538295,-4.473749,5.317860,6.911997,1.226243,-0.000026,0.000004,0.000039,-0.000043,0.000043,0.000060
3712076173.940000,0.154676,0.026558,0.001524,0.158861,0.030573,0.001559,0.173965,0.031372,0.001711,0.162531,0.029507,0.001598,145.259228,90.212795,-5.432249,139.541645,-60.242177,3.018281,156.110931,-42.098907,-3.454452,126.956984,-18.748884,1.541028,0.000093,-0.000805,3712076173.940000,69.581429,-1.507214,-36.068386,-59.475601,-33.815536,61.583279,69.787819,-1.504026,-0.000039,-0.000029,0.000025,0.000018,-0.000031,-0.000001,0.000019,0.000010,50.000114,-0.000814,3712076173.940000,69.560578,-1.612797,-36.149993,-59.401149,-33.699554,61.621711,69.764741,-1.615074,-0.000025,0.000005,-0.000057,-0.000053,0.000050,0.000018,0.000013,-0.000023,50.000022,-0.000009,72.500000,4.275513,5.485471,2.610869,-6.440519,-6.952628,0.969381,0.000003,0.000001,-0.000004,0.000022,-0.000070,-0.000043
3712076173.960000,0.153543,0.028999,0.001508,0.161473,0.030935,0.001585,0.173507,0.028090,0.001712,0.162859,0.029337,0.001602,119.763120,-77.155233,-2.561418,119.140376,-32.713498,1.546046,68.931679,-17.569652,0.751733,107.764404,-11.393199,1.211085,-0.000049,0.001149,3712076173.960000,69.582764,-1.507732,-36.067131,-59.476959,-33.815197,61.581539,69.787888,-1.503418,0.000008,-0.000002,0.000028,-0.000050,0.000029,0.000032,0.000021,0.000001,49.999950,0.001131,3712076173.960000,69.560240,-1.612164,-36.150148,-59.401357,-33.700257,61.622029,69.764923,-1.614723,-0.000024,0.000025,-0.000074,-0.000044,0.000052,0.000005,0.000010,-0.000022,50.000000,-0.000017,72.500000,-5.761059,-3.895322,-0.493088,6.932065,6.313196,-3.069717,0.000003,-0.000045,-0.000019,-0.000020,0.000070,0.000027
3712076173.980000,0.154261,0.030399,0.001512,0.161998,0.029840,0.001592,0.170498,0.027073,0.001683,0.162256,0.029093,0.001596,189.659558,22.527182,2.034383,68.175743,-49.464831,0.672583,132.031267,-32.724579,-1.788510,62.010347,-42.544212,-0.604329,-0.000029,-0.001154,3712076173.980000,69.583748,-1.508060,-36.066387,-59.476166,-33.812943,61.581932,69.787598,-1.504161,0.000030,-0.000030,-0.000022,-0.000040,-0.000013,-0.000032,-0.000011,-0.000018,49.999977,-0.001157,3712076173.980000,69.560242,-1.612788,-36.150242,-59.400946,-33.700121,61.622074,69.764811,-1.615073,-0.000033,-0.000011,-0.000084,-0.000035,0.000051,-0.000008,0.000002,-0.000036,50.000006,-0.000003,72.500000,6.682155,1.924756,-1.673976,-6.745194,-5.056029,4.871189,0.000009,0.000078,-0.000000,-0.000020,-0.000061,0.000004
3712076174.000000,0.156092,0.030712,0.001530,0.161644,0.027998,0.001592,0.169150,0.030687,0.001663,0.162308,0.029796,0.001595,158.648238,-40.704277,-2.954994,109.573005,-89.631663,3.555282,119.198742,-18.348583,1.419666,63.560701,0.995507,-0.643431,-0.000010,0.001997,3712076174.000000,69.583672,-1.506612,-36.065773,-59.475555,-33.813354,61.584286,69.788040,-1.503877,0.000037,-0.000002,0.000004,0.000011,0.000024,0.000011,0.000003,-0.000009,50.000008,0.001997,3712076174.000000,69.559922,-1.612590,-36.150278,-59.401440,-33.700540,61.621528,69.764765,-1.614723,-0.000060,0.000015,-0.000082,-0.000085,0.000017,-0.000027,0.000008,-0.000005,50.000018,-0.000000,72.500000,-6.950533,0.234554,3.675409,5.897633,3.302544,-6.194647,-0.000011,-0.000063,0.000055,0.000015,0.000053,0.000018
3712076174.020000,0.156157,0.027956,0.001536,0.159744,0.029025,0.001571,0.172050,0.032709,0.001689,0.162677,0.029901,0.001599,84.146715,-82.220236,0.427829,87.928905,-64.188389,-1.052057,113.594712,18.880767,1.078927,132.047647,69.751466,0.889611,0.000042,-0.001053,3712076174.020000,69.582504,-1.506498,-36.067081,-59.475239,-33.814812,61.585037,69.788239,-1.503974,-0.000011,-0.000006,-0.000034,-0.000004,0.000018,-0.000022,-0.000008,0.000012,50.000046,-0.001072,3712076174.020000,69.560662,-1.612933,-36.149958,-59.401276,-33.699733,61.621901,69.764885,-1.615067,-0.000072,-0.000007,-0.000036,-0.000088,-0.000009,-0.000022,0.000003,0.000008,50.000004,-0.000018,72.500000,6.537509,-2.371366,-5.318792,-4.473782,-1.226967,6.911455,0.000028,0.000056,-0.000053,-0.000003,-0.000070,-0.000027
3712076174.040000,0.155350,0.027998,0.001528,0.159988,0.030716,0.001570,0.175806,0.031635,0.001729,0.163752,0.030124,0.001609,112.081585,-71.425643,-1.881240,168.342844,-26.893747,2.665430,100.213459,-32.973823,1.232434,82.852222,44.913753,0.586733,0.000036,0.000761,3712076174.040000,69.582077,-1.506682,-36.067825,-59.476189,-33.817108,61.582779,69.788231,-1.503052,0.000008,0.000018,0.000045,0.000037,0.000021,-0.000016,-0.000020,0.000014,50.000061,0.000752,3712076174.040000,69.560218,-1.612540,-36.150047,-59.401248,-33.699914,61.621666,69.764705,-1.614875,-0.000070,0.000007,-0.000031,-0.000073,-0.000013,-0.000038,-0.000006,0.000016,50.000025,-0.000008,72.500000,-5.484669,4.275557,6.440456,2.611017,-0.968677,-6.952570,-0.000044,-0.000010,0.000022,-0.000004,0.000052,-0.000031
3712076174.060000,0.153582,0.029683,0.001507,0.161110,0.031517,0.001580,0.174527,0.029276,0.001720,0.163095,0.030153,0.001603,62.619704,-21.222148,0.676599,96.100075,-66.636831,-1.285513,52.105712,-47.473878,0.297424,118.803444,-17.813876,1.409468,-0.000080,-0.002214,3712076174.060000,69.583488,-1.508240,-36.067562,-59.476990,-33.815758,61.582458,69.788567,-1.503698,-0.000016,-0.000042,-0.000026,-0.000012,-0.000020,-0.000032,-0.000026,0.000005,49.999912,-0.002234,3712076174.060000,69.560489,-1.612597,-36.150081,-59.401217,-33.699902,61.622500,69.765031,-1.615052,-0.000049,-0.000028,0.000013,-0.000084,-0.000055,-0.000048,0.000001,0.000032,49.999993,-0.000020,72.500000,3.895000,-5.760876,-6.932358,-0.493038,3.069959,6.313332,0.000029,-0.000016,0.000014,0.000018,-0.000027,0.000041
3712076174.080000,0.155580,0.031055,0.001524,0.163400,0.029803,0.001606,0.170934,0.028294,0.001686,0.163312,0.029717,0.001606,53.302792,-47.690769,-0.330672,63.044648,-59.414859,0.332472,73.693253,-61.218765,-0.671292,114.894804,-47.426961,-1.612359,0.000041,-0.000026,3712076174.080000,69.583656,-1.507171,-36.065769,-59.476765,-33.813927,61.582397,69.787941,-1.503380,-0.000033,-0.000015,0.000021,-0.000020,-0.000030,-0.000024,0.000015,0.000014,50.000065,-0.000026,3712076174.080000,69.559676,-1.612731,-36.150489,-59.401050,-33.700545,61.621869,69.764705,-1.614951,-0.000051,-0.000048,0.000032,-0.000064,-0.000023,-0.000097,-0.000028,0.000027,50.000024,0.000000,72.500000,-1.924712,6.683225,6.744801,-1.673170,-4.871195,-5.054746,0.000024,0.000006,-0.000019,-0.000022,0.000021,-0.000022
3712076174.100000,0.156570,0.030467,0.001536,0.161225,0.029394,0.001585,0.169935,0.030993,0.001671,0.162599,0.030289,0.001597,48.242706,-47.900700,0.079465,150.160511,-49.212405,3.334658,96.222232,-95.863725,-0.410915,92.042899,-91.906924,0.176028,-0.000141,0.000615,3712076174.100000,69.583786,-1.506409,-36.066887,-59.476265,-33.813972,61.584671,69.788689,-1.503897,-0.000017,-0.000026,-0.000012,0.000029,-0.000015,-0.000035,-0.000023,0.000008,49.999859,0.000604,3712076174.100000,69.560198,-1.612764,-36.150485,-59.401564,-33.700598,61.621976,69.765067,-1.614878,-0.000036,-0.000047,0.000012,-0.000061,0.000007,-0.000922,-0.000264,0.000150,50.000000,-0.000011,72.500000,-0.235459,-6.950922,-5.898509,3.675154,6.193921,3.302277,-0.000024,0.000030,-0.000004,-0.000001,0.000003,0.000953
3712076174.120000,0.155747,0.027953,0.001532,0.159424,0.029400,0.001567,0.171842,0.032827,0.001686,0.162367,0.030068,0.001595,182.430138,-17.255455,3.259456,70.600945,-42.208034,-0.762824,77.630551,-71.198773,0.584804,166.549722,-30.296110,3.534183,0.000045,-0.000160,3712076174.120000,69.581963,-1.506831,-36.067924,-59.475182,-33.815155,61.584866,69.788193,-1.504209,0.000031,0.000029,-0.000029,-0.000008,0.000022,0.000006,0.000003,0.000022,50.000076,-0.000165,3712076174.120000,69.560129,-1.612976,-36.150429,-59.401138,-33.700181,61.621578,69.764727,-1.615058,-0.000041,-0.000031,-0.000027,-0.000044,0.000075,-0.000026,-0.000017,-0.000028,50.000032,-0.000005,72.500000,2.371478,6.537800,4.473318,-5.318714,-6.911860,-1.227119,0.000007,-0.000017,0.000015,-0.000000,-0.000056,-0.000011
3712076174.140000,0.153995,0.027498,0.001515,0.158833,0.030319,0.001559,0.174694,0.032486,0.001716,0.162543,0.030106,0.001597,107.711656,-48.415908,1.467956,124.920152,-9.353177,1.426229,175.149388,-24.650783,3.045143,237.274343,43.964251,2.664179,-0.000040,0.001584,3712076174.140000,69.581886,-1.507582,-36.068634,-59.476025,-33.817085,61.583965,69.788589,-1.503817,0.000022,-0.000016,0.000043,-0.000029,-0.000011,0.000027,0.000013,0.000016,49.999966,0.001564,3712076174.140000,69.560395,-1.612552,-36.150346,-59.401715,-33.700398,61.621892,69.765095,-1.614786,-0.000027,-0.000046,-0.000025,-0.000051,0.000018,-0.000034,-0.000003,-0.000014,50.000005,-0.000020,72.500000,-4.275378,-5.485103,-2.611245,6.440269,6.953063,-0.969097,-0.000001,0.000009,-0.000037,-0.000009,0.000031,-0.000028
3712076174.160000,0.153661,0.028682,0.001509,0.160760,0.031541,0.001576,0.173652,0.029240,0.001711,0.162713,0.029812,0.001599,88.388207,-22.812238,1.014976,66.961002,-57.655926,0.529465,371.161795,187.746679,3.815653,9.036702,-8.038027,0.043064,0.000044,-0.001340,3712076174.160000,69.582520,-1.508258,-36.068138,-59.476738,-33.815594,61.582306,69.788193,-1.503934,0.000034,-0.000027,0.000001,-0.000029,0.000030,0.000039,0.000021,-0.000011,50.000057,-0.001344,3712076174.160000,69.560212,-1.612820,-36.150432,-59.401081,-33.700294,61.622072,69.764900,-1.615066,-0.000006,-0.000056,-0.000033,-0.000060,-0.000017,-0.000004,0.000022,-0.000013,50.000013,-0.000005,72.500000,5.761164,3.895885,0.492979,-6.931993,-6.313078,3.070894,-0.000012,0.000001,0.000028,-0.000021,-0.000010,0.000019
3712076174.180000,0.155126,0.031393,0.001519,0.162450,0.031482,0.001593,0.170097,0.027622,0.001678,0.162557,0.030153,0.001597,169.066432,-14.261912,2.285037,87.145319,-81.324360,-0.741508,81.800952,-39.988065,-5.325876,92.409708,-59.179763,-1.177767,-0.000062,0.001802,3712076174.180000,69.584190,-1.507352,-36.067253,-59.477852,-33.813747,61.582100,69.788559,-1.503689,0.000043,0.000006,-0.000014,-0.000007,-0.000027,-0.000003,0.000003,-0.000013,49.999943,0.001787,3712076174.180000,69.559984,-1.612537,-36.150602,-59.401604,-33.701046,61.621737,69.765032,-1.614660,-0.000028,-0.000042,-0.000028,-0.000077,-0.000031,0.000034,0.000033,-0.000006,50.000004,-0.000015,72.500000,-6.683460,-1.924586,1.672525,6.745310,5.054753,-4.870391,0.000018,-0.000022,0.000006,0.000066,-0.000004,-0.000034
3712076174.200000,0.156121,0.030051,0.001532,0.161072,0.030276,0.001582,0.169573,0.029281,0.001670,0.162270,0.029861,0.001595,172.187097,-12.645916,3.953838,122.066233,-77.271550,3.409457,205.394695,20.123024,-2.402582,171.408547,-28.521702,-3.199445,0.000028,-0.001638,3712076174.200000,69.583633,-1.507105,-36.067444,-59.476498,-33.813271,61.583397,69.788307,-1.504242,0.000013,0.000039,-0.000004,0.000021,0.000036,-0.000025,-0.000018,-0.000001,50.000031,-0.001641,3712076174.200000,69.560339,-1.613205,-36.150532,-59.401388,-33.700510,61.621736,69.764987,-1.615053,-0.000043,-0.000020,-0.000007,-0.000093,-0.000008,0.000036,0.000025,0.000003,50.000002,-0.000003,72.500000,6.950202,-0.234839,-3.676039,-5.898458,-3.303086,6.194413,0.000002,0.000039,-0.000023,-0.000041,0.000009,0.000035
3712076174.220000,0.156152,0.028669,0.001535,0.161149,0.029932,0.001583,0.172539,0.032744,0.001694,0.163306,0.030449,0.001604,1846.648320,1747.716331,-4.750135,78.039445,-22.211782,0.875967,143.947122,30.984127,-4.960611,104.806370,26.850415,0.932969,0.000029,0.001781,3712076174.220000,69.582581,-1.506535,-36.067070,-59.476673,-33.815945,61.584404,69.788681,-1.503312,-0.000055,-0.000056,0.000047,-0.000002,-0.000016,-0.000050,-0.000020,0.000037,50.000053,0.001774,3712076174.220000,69.560244,-1.612863,-36.150369,-59.401717,-33.700552,61.621414,69.764937,-1.614772,-0.000003,0.000003,0.000036,-0.000048,-0.000040,0.000003,0.000014,0.000030,50.000024,-0.000007,72.500000,-6.537783,2.370821,5.318033,4.473356,1.226883,-6.912299,-0.000009,-0.000015,0.000026,0.000034,-0.000021,0.000008
3712076174.240000,0.154069,0.027410,0.001516,0.160745,0.032021,0.001575,0.174383,0.032480,0.001713,0.163096,0.030645,0.001602,166.971220,33.766524,1.570269,41.118646,-21.512433,0.398166,64.231654,7.023142,-0.627401,106.194872,-30.189495,-1.310294,-0.000044,-0.001935,3712076174.240000,69.582275,-1.507966,-36.068172,-59.477364,-33.816437,61.584339,69.789032,-1.503838,-0.000027,0.000019,0.000047,-0.000010,-0.000012,0.000045,0.000026,-0.000008,49.999950,-0.001951,3712076174.240000,69.560843,-1.613002,-36.150228,-59.401462,-33.699945,61.622163,69.765155,-1.615120,0.000014,0.000020,0.000050,-0.000036,-0.000034,0.000028,0.000020,0.000033,49.999994,-0.000017,72.500000,5.485284,-4.275285,-6.440369,-2.611465,0.969566,6.952583,-0.000004,-0.000006,-0.000054,-0.000013,0.000033,-0.000015
3712076174.260000,0.153332,0.028711,0.001506,0.162637,0.031681,0.001595,0.174132,0.029078,0.001717,0.163390,0.029822,0.001606,256.559477,84.640771,-2.199943,155.532303,-18.609005,2.054184,188.952631,59.254272,-4.701677,68.243886,-2.836711,0.706322,0.000051,0.000197,3712076174.260000,69.582520,-1.508292,-36.067005,-59.477654,-33.815845,61.581879,69.788193,-1.503321,0.000002,-0.000034,0.000003,0.000018,-0.000055,-0.000004,0.000008,0.000015,50.000072,0.000195,3712076174.260000,69.560198,-1.612617,-36.150371,-59.401233,-33.700284,61.621918,69.764883,-1.614932,0.000014,0.000012,0.000018,-0.000014,-0.000002,0.000035,0.000016,0.000006,50.000021,-0.000002,72.500000,-3.895707,5.761601,6.931862,0.493452,-3.070406,-6.312172,0.000011,0.000011,0.000054,-0.000032,-0.000041,0.000008
3712076174.280000,0.154222,0.030753,0.001511,0.162815,0.030502,0.001599,0.171847,0.028615,0.001694,0.162975,0.029957,0.001602,369.268163,184.634324,-3.790904,146.336060,-10.649609,1.763979,296.259288,101.109352,-2.759718,171.751571,80.154875,5.080241,-0.000101,-0.000267,3712076174.280000,69.584053,-1.508118,-36.066620,-59.477409,-33.814575,61.582779,69.788620,-1.503711,0.000034,-0.000034,-0.000013,0.000020,-0.000030,-0.000038,-0.000011,0.000020,49.999889,-0.000282,3712076174.280000,69.560303,-1.612763,-36.150656,-59.401541,-33.700547,61.622347,69.765222,-1.615008,-0.000017,0.000002,0.000024,0.000010,0.000021,0.000012,-0.000013,-0.000002,49.999990,-0.000015,72.500000,1.924023,-6.683007,-6.745601,1.672959,4.870327,5.055329,-0.000037,0.000022,-0.000014,0.000035,0.000036,-0.000011
3712076174.300000,0.156317,0.030859,0.001532,0.162161,0.028589,0.001596,0.169982,0.030886,0.001671,0.162836,0.030112,0.001600,248.645842,107.570311,-4.500288,196.397413,10.044838,-3.867389,106.660364,-26.992583,1.296603,99.369317,-18.321424,1.141655,0.000022,0.000402,3712076174.300000,69.583740,-1.506812,-36.066109,-59.475853,-33.813831,61.584381,69.788315,-1.503868,-0.000005,-0.000020,-0.000019,-0.000010,0.000007,0.000027,0.000003,-0.000015,50.000050,0.000402,3712076174.300000,69.559884,-1.612926,-36.150650,-59.401234,-33.700452,61.621774,69.764812,-1.615044,-0.000009,0.000004,0.000007,0.000018,0.000038,0.000001,-0.000016,-0.000011,50.000028,0.000000,72.500000,0.234606,6.950681,5.897636,-3.675894,-6.194973,-3.302554,0.000051,-0.000057,-0.000037,-0.000030,-0.000022,0.000003
3712076174.320000,0.155939,0.028576,0.001533,0.159594,0.028488,0.001570,0.172011,0.033509,0.001687,0.162542,0.030205,0.001597,156.648301,-21.128644,-2.126233,315.602362,155.075579,2.072659,208.349437,46.433801,-1.991718,363.258522,163.687526,3.250398,-0.000056,0.001363,3712076174.320000,69.582718,-1.506548,-36.067444,-59.475460,-33.815529,61.585670,69.788742,-1.503956,-0.000024,-0.000013,-0.000026,0.000007,-0.000045,-0.000010,0.000009,0.000017,49.999947,0.001351,3712076174.320000,69.560449,-1.612739,-36.150483,-59.401836,-33.700301,61.621976,69.765179,-1.614910,0.000030,-0.000017,0.000007,0.000008,0.000019,-0.000026,-0.000004,-0.000006,50.000003,-0.000012,72.500000,-2.371267,-6.538366,-4.473818,5.317897,6.911830,1.226167,-0.000030,0.000051,0.000040,-0.000027,0.000017,0.000005
3712076174.340000,0.154910,0.027104,0.001525,0.159880,0.029743,0.001571,0.174988,0.032501,0.001719,0.163293,0.029788,0.001605,64.547924,-61.574056,-0.313708,100.705059,-37.975020,-1.267448,244.907114,243.346329,-0.149118,201.050367,28.694442,2.139388,0.000107,-0.001210,3712076174.340000,69.581696,-1.507148,-36.067734,-59.475574,-33.816547,61.584015,69.788170,-1.503652,-0.000026,-0.000020,-0.000032,-0.000009,-0.000029,-0.000038,0.000013,0.000005,50.000130,-0.001221,3712076174.340000,69.560463,-1.612821,-36.150353,-59.401183,-33.699672,61.622032,69.764885,-1.615199,-0.000048,-0.000069,-0.000002,-0.000054,-0.000007,-0.000012,-0.000002,-0.000011,50.000023,-0.000011,72.500000,4.275856,5.485533,2.611075,-6.440622,-6.952358,0.969342,0.000013,-0.000052,-0.000005,0.000024,-0.000056,0.000001
3712076174.360000,0.153765,0.029706,0.001508,0.162269,0.031254,0.001592,0.174471,0.029525,0.001719,0.163527,0.030160,0.001607,112.416060,-69.450885,1.853461,141.033017,20.667825,-1.376044,197.967123,197.634397,-0.066514,113.098530,-48.869647,1.588102,-0.000060,0.000469,3712076174.360000,69.583138,-1.507690,-36.067211,-59.477589,-33.816345,61.582462,69.788666,-1.503144,0.000019,0.000025,0.000012,-0.000037,0.000029,-0.000005,0.000011,0.000006,49.999943,0.000457,3712076174.360000,69.560121,-1.612173,-36.150559,-59.401527,-33.700467,61.622318,69.765119,-1.614803,0.000061,-0.000081,0.000032,0.000004,0.000010,-0.000001,0.000012,-0.000021,50.000003,-0.000012,72.500000,-5.761501,-3.895339,-0.493340,6.932342,6.312845,-3.069645,0.000011,0.000039,-0.000013,-0.000015,0.000069,-0.000022
3712076174.380000,0.154198,0.030805,0.001511,0.163067,0.030709,0.001601,0.171840,0.027236,0.001696,0.163037,0.029576,0.001603,127.720252,66.441449,0.872939,116.798637,-39.371043,1.567997,207.636844,25.695735,2.330508,135.985904,-59.400351,-3.709843,-0.000011,-0.002083,3712076174.380000,69.583832,-1.508085,-36.066681,-59.477173,-33.814167,61.581844,69.788147,-1.503718,0.000025,-0.000015,-0.000004,0.000046,-0.000009,0.000035,0.000005,-0.000008,50.000000,-0.002083,3712076174.380000,69.560046,-1.612704,-36.150771,-59.401104,-33.700469,61.622336,69.765013,-1.615115,0.000003,-0.000017,0.000077,0.000006,0.000025,-0.000014,-0.000022,0.000010,50.000011,0.000000,72.500000,6.682658,1.924657,-1.673808,-6.745461,-5.055788,4.871020,-0.000030,-0.000070,0.000043,0.000010,-0.000044,0.000017
3712076174.400000,0.155557,0.031652,0.001523,0.162317,0.028793,0.001597,0.170378,0.030174,0.001677,0.162762,0.030201,0.001599,334.619830,136.426699,-2.914646,65.418532,-63.980948,0.227749,246.568227,62.085177,2.428779,95.995082,-40.104944,-5.086024,-0.000077,0.002150,3712076174.400000,69.584251,-1.507049,-36.066277,-59.476383,-33.814430,61.583698,69.788567,-1.503620,-0.000058,-0.000010,0.000035,0.000007,0.000027,0.000026,-0.000021,-0.000001,49.999943,0.002150,3712076174.400000,69.559858,-1.612499,-36.150817,-59.401599,-33.700963,61.621711,69.765003,-1.614730,0.000025,-0.000001,0.000099,-0.000002,-0.000002,-0.000023,-0.000014,0.000033,50.000020,0.000000,72.500000,-6.951060,0.234720,3.675302,5.898013,3.302322,-6.194413,0.000008,0.000048,-0.000033,0.000019,0.000001,-0.000030
3712076174.420000,0.155972,0.028300,0.001534,0.159620,0.028529,0.001570,0.171526,0.033232,0.001682,0.162399,0.030032,0.001596,71.573112,-30.519912,0.797658,118.862905,-81.091395,-3.065767,114.327920,-45.385066,4.704325,116.354927,-52.692538,-4.574503,0.000016,-0.001091,3712076174.420000,69.582664,-1.506783,-36.067604,-59.475212,-33.815144,61.585613,69.788597,-1.504224,-0.000014,-0.000082,-0.000012,-0.000018,-0.000017,0.000025,0.000004,-0.000034,50.000023,-0.001110,3712076174.420000,69.560586,-1.613037,-36.150639,-59.401556,-33.700280,61.621941,69.765156,-1.615101,-0.000098,-0.000068,0.000072,0.000092,-0.000046,-0.000032,-0.000073,0.000001,50.000007,-0.000019,72.500000,6.537782,-2.371555,-5.318938,-4.474104,-1.226930,6.911289,-0.000020,-0.000018,-0.000007,-0.000019,0.000015,0.000039
3712076174.440000,0.155654,0.027188,0.001532,0.160339,0.029880,0.001575,0.174348,0.032427,0.001713,0.163478,0.029840,0.001607,126.001845,34.759318,-1.097569,94.579677,-57.843917,1.228264,161.536925,-34.386210,3.596359,129.906342,-53.954894,-2.113434,0.000050,0.001244,3712076174.440000,69.581474,-1.506517,-36.067932,-59.476299,-33.816875,61.583736,69.788315,-1.503237,0.000008,0.000044,-0.000030,0.000013,-0.000006,0.000025,0.000012,0.000015,50.000072,0.001226,3712076174.440000,69.560172,-1.612703,-36.150765,-59.401667,-33.700418,61.621585,69.764991,-1.614908,-0.000027,0.000020,0.000006,0.000077,-0.000009,-0.000039,-0.000042,0.000005,50.000023,-0.000018,72.500000,-5.484735,4.275722,6.440708,2.611226,-0.968611,-6.952638,0.000036,0.000004,0.000016,0.000010,-0.000010,-0.000039
3712076174.460000,0.153042,0.028300,0.001504,0.160944,0.031783,0.001577,0.174231,0.028509,0.001719,0.162760,0.029529,0.001600,224.562618,39.260061,2.426819,65.288737,-53.035622,0.563025,207.332002,34.915838,-2.150657,83.229037,-61.050540,0.940699,-0.000084,-0.001650,3712076174.460000,69.582481,-1.508654,-36.068409,-59.477600,-33.815960,61.581757,69.788383,-1.503803,0.000031,-0.000023,-0.000043,0.000011,-0.000043,-0.000006,0.000004,-0.000016,49.999905,-0.001683,3712076174.460000,69.560449,-1.612835,-36.150700,-59.401749,-33.700469,61.622214,69.765286,-1.615010,-0.000028,-0.000002,-0.000065,0.000067,0.000021,-0.000024,-0.000028,-0.000033,49.999989,-0.000032,72.500000,3.895031,-5.761046,-6.932572,-0.493089,3.069995,6.313423,-0.000015,-0.000016,-0.000002,0.000004,-0.000004,0.000000
3712076174.480000,0.153503,0.029555,0.001506,0.162643,0.030394,0.001598,0.172101,0.027991,0.001698,0.162765,0.029310,0.001601,354.013277,154.181377,3.073143,108.447097,-34.491347,4.906761,186.684176,19.476205,2.029310,495.234568,295.364942,3.084431,0.000021,0.000516,3712076174.480000,69.582611,-1.508714,-36.066952,-59.477398,-33.814857,61.581520,69.787872,-1.503715,0.000067,0.000035,-0.000030,0.000019,0.000040,0.000036,0.000023,0.000022,50.000042,0.000512,3712076174.480000,69.559702,-1.613033,-36.150935,-59.401649,-33.700819,61.621596,69.764928,-1.614957,-0.000026,-0.000015,-0.000038,-0.000039,0.000012,-0.000043,-0.000005,-0.000006,50.000021,-0.000004,72.500000,-1.924666,6.683413,6.745142,-1.673014,-4.871161,-5.054722,0.000001,0.000004,-0.000055,0.000016,0.000026,0.000018
3712076174.500000,0.155777,0.029217,0.001530,0.161045,0.029309,0.001583,0.169773,0.031633,0.001668,0.162222,0.030060,0.001594,230.066748,32.131488,3.411155,103.216592,-60.974925,4.823997,152.945385,-43.685906,2.708091,164.309429,-33.834385,3.447265,-0.000091,0.001040,3712076174.500000,69.582840,-1.507161,-36.067139,-59.476639,-33.814087,61.584991,69.788635,-1.504180,-0.000033,0.000061,-0.000012,0.000025,0.000037,-0.000013,-0.000022,0.000000,49.999905,0.001033,3712076174.500000,69.560130,-1.613143,-36.150669,-59.402048,-33.700672,61.621806,69.765177,-1.614927,0.000012,-0.000051,-0.000066,-0.000024,-0.000070,-0.000006,0.000032,-0.000011,49.999996,-0.000008,72.500000,-0.235430,-6.950832,-5.898696,3.675368,6.193975,3.302530,0.000002,-0.000031,0.000020,0.000006,-0.000016,0.000010
3712076174.520000,0.156739,0.027047,0.001544,0.160003,0.028490,0.001574,0.171511,0.032664,0.001683,0.162775,0.029415,0.001601,232.651234,108.715585,-1.584318,102.525705,-84.554412,4.623914,195.791209,72.419370,1.530354,60.483906,-35.959165,0.617492,0.000108,-0.000293,3712076174.520000,69.581345,-1.506425,-36.067196,-59.475395,-33.814789,61.584690,69.787819,-1.503905,0.000050,0.000015,-0.000009,0.000012,-0.000007,0.000035,0.000018,0.000005,50.000137,-0.000293,3712076174.520000,69.560122,-1.613397,-36.150480,-59.401620,-33.700059,61.621400,69.764801,-1.615138,-0.000007,0.000024,-0.000075,-0.000067,0.000020,0.000005,0.000028,-0.000009,50.000030,-0.000000,72.500000,2.371436,6.537887,4.473449,-5.318814,-6.912108,-1.227149,0.000028,-0.000005,-0.000014,0.000015,0.000017,-0.000070
3712076174.540000,0.154783,0.026697,0.001524,0.159540,0.029306,0.001568,0.174877,0.031917,0.001719,0.163104,0.029318,0.001604,293.206275,125.897444,2.155589,78.954233,-71.526383,-0.637271,50.768029,9.737152,0.480238,27.297543,27.106934,0.028564,-0.000050,0.000767,3712076174.540000,69.581291,-1.507184,-36.067581,-59.476002,-33.816784,61.583462,69.788017,-1.503387,0.000056,-0.000031,-0.000024,-0.000002,0.000043,0.000044,0.000020,-0.000039,49.999954,0.000755,3712076174.540000,69.560342,-1.612824,-36.150203,-59.401966,-33.700108,61.621838,69.765062,-1.614868,-0.000025,-0.000013,-0.000063,-0.000057,0.000053,0.000018,0.000015,-0.000031,50.000004,-0.000012,72.500000,-4.275448,-5.485213,-2.611272,6.440247,6.953199,-0.969131,-0.000081,0.000016,-0.000005,-0.000012,0.000003,0.000053
3712076174.560000,0.153591,0.027577,0.001511,0.161285,0.031096,0.001582,0.173973,0.028619,0.001716,0.162974,0.029098,0.001603,158.155376,-22.034423,-4.102256,139.519129,-60.476805,3.124650,111.594951,-0.958831,1.190337,472.958827,277.456981,-3.479744,0.000024,-0.002032,3712076174.560000,69.581741,-1.508199,-36.067375,-59.476707,-33.815197,61.581924,69.787628,-1.503750,-0.000022,-0.000059,0.000014,0.000026,0.000025,0.000043,-0.000009,-0.000037,50.000031,-0.002036,3712076174.560000,69.560201,-1.612873,-36.150201,-59.401090,-33.699842,61.622218,69.764827,-1.615170,-0.000046,0.000067,-0.000035,-0.000065,0.000050,-0.000008,-0.000001,0.000010,50.000006,-0.000004,72.500000,5.761317,3.895901,0.492912,-6.932088,-6.313046,3.070826,0.000060,-0.000065,0.000011,0.000000,-0.000023,-0.000061
3712076174.580000,0.154887,0.030118,0.001519,0.162900,0.031048,0.001599,0.170498,0.027125,0.001683,0.162764,0.029423,0.001601,161.046198,-23.565009,-2.291977,48.314951,-40.239971,0.347665,285.129623,88.841312,-2.804115,299.546678,99.950057,3.031563,-0.000054,0.001310,3712076174.580000,69.583122,-1.507335,-36.066650,-59.477795,-33.813522,61.581902,69.787994,-1.503552,0.000034,0.000039,-0.000017,-0.000029,-0.000033,-0.000035,0.000014,0.000029,49.999954,0.001301,3712076174.580000,69.559802,-1.612550,-36.150479,-59.401609,-33.700689,61.622009,69.764971,-1.614777,-0.000067,0.000000,-0.000044,-0.000036,0.000023,0.000012,-0.000005,-0.000015,50.000008,-0.000008,72.500000,-6.683699,-1.924544,1.672490,6.745117,5.054683,-4.870394,-0.000007,0.000090,0.000038,0.000014,0.000051,0.000069
3712076174.600000,0.156798,0.029440,0.001540,0.161525,0.029181,0.001588,0.169645,0.029478,0.001670,0.162676,0.029371,0.001600,9.461764,-9.345699,-0.015518,222.709765,25.231588,2.840114,398.369705,200.690527,2.892608,98.325471,43.835299,5.531766,0.000006,-0.001105,3712076174.600000,69.583023,-1.506498,-36.066605,-59.476139,-33.813107,61.583771,69.787949,-1.503967,-0.000067,-0.000017,0.000042,0.000012,-0.000044,0.000024,-0.000035,0.000001,50.000015,-0.001110,3712076174.600000,69.560142,-1.613169,-36.150484,-59.401440,-33.700256,61.622001,69.764962,-1.615137,-0.000074,-0.000020,-0.000029,-0.000019,0.000016,-0.000004,-0.000018,-0.000016,50.000009,-0.000005,72.500000,6.950482,-0.234895,-3.675987,-5.898290,-3.303071,6.194398,-0.000028,-0.000067,-0.000071,-0.000021,-0.000055,-0.000059
3712076174.620000,0.156206,0.028448,0.001536,0.160739,0.028911,0.001581,0.172054,0.033362,0.001688,0.163027,0.030254,0.001602,156.866144,-41.224224,3.463215,169.319821,-27.031086,2.724851,183.565858,-16.171386,3.034230,193.300294,-6.543709,3.221962,-0.000024,0.002020,3712076174.620000,69.582336,-1.506369,-36.066833,-59.476021,-33.815575,61.585083,69.788513,-1.503515,0.000043,0.000033,0.000019,0.000023,-0.000004,0.000020,0.000022,0.000007,50.000004,0.002016,3712076174.620000,69.560153,-1.612767,-36.150365,-59.401753,-33.700352,61.621504,69.764909,-1.614805,-0.000088,-0.000031,-0.000011,-0.000040,0.000008,-0.000024,-0.000024,-0.000005,50.000028,-0.000004,72.500000,-6.538015,2.371001,5.317953,4.473228,1.226822,-6.912309,0.000045,0.000074,0.000085,-0.000035,0.000061,0.000032
3712076174.640000,0.154038,0.026142,0.001518,0.159716,0.031763,0.001565,0.174343,0.032204,0.001713,0.162725,0.030046,0.001599,133.135120,-63.535532,2.640218,68.708691,-20.262584,-0.752886,166.175449,18.787441,1.718819,153.491016,10.170896,1.635371,-0.000006,-0.001581,3712076174.640000,69.581230,-1.507762,-36.068699,-59.477051,-33.816200,61.584156,69.788589,-1.504012,0.000025,0.000011,-0.000034,-0.000018,-0.000013,0.000004,0.000022,0.000004,49.999996,-0.001601,3712076174.640000,69.560677,-1.612952,-36.150255,-59.401662,-33.699795,61.622153,69.765133,-1.615119,-0.000047,-0.000060,-0.000016,-0.000046,0.000005,0.000010,0.000003,-0.000020,50.000002,-0.000020,72.500000,5.485418,-4.275451,-6.440144,-2.611322,0.969589,6.952518,-0.000035,-0.000041,-0.000050,0.000059,-0.000056,-0.000001
3712076174.660000,0.154804,0.027861,0.001523,0.161918,0.031463,0.001588,0.173915,0.028430,0.001716,0.163566,0.029248,0.001609,85.183490,-40.248350,-1.014133,200.483660,2.654816,3.434640,294.889274,123.946302,2.212462,266.031623,232.551628,-0.724210,0.000068,0.000564,3712076174.660000,69.581856,-1.507101,-36.067337,-59.477497,-33.815399,61.581417,69.787773,-1.503098,-0.000041,-0.000011,-0.000039,0.000014,0.000017,-0.000019,-0.000021,-0.000007,50.000092,0.000561,3712076174.660000,69.560100,-1.612592,-36.150372,-59.401456,-33.700125,61.621818,69.764859,-1.614916,-0.000020,-0.000068,0.000032,-0.000024,-0.000011,-0.000001,-0.000003,-0.000006,50.000023,-0.000002,72.500000,-3.895662,5.761611,6.931754,0.493445,-3.070227,-6.312232,0.000051,-0.000017,-0.000004,-0.000055,0.000058,0.000001
3712076174.680000,0.155429,0.030587,0.001524,0.162150,0.030143,0.001593,0.170950,0.027479,0.001687,0.162850,0.029398,0.001602,140.327155,-58.832481,3.381883,145.927584,-52.205427,2.801225,266.187554,111.368984,1.963533,120.153067,-6.919919,1.341728,-0.000117,-0.000638,3712076174.680000,69.583855,-1.507371,-36.066784,-59.477310,-33.813694,61.582050,69.788193,-1.503658,-0.000011,0.000027,-0.000012,0.000020,-0.000027,0.000021,0.000013,0.000003,49.999870,-0.000656,3712076174.680000,69.560201,-1.612898,-36.150588,-59.401875,-33.700494,61.622075,69.765186,-1.614947,0.000011,-0.000070,0.000037,-0.000031,0.000014,0.000008,0.000006,-0.000013,49.999987,-0.000018,72.500000,1.924116,-6.682995,-6.745422,1.672904,4.870273,5.055521,-0.000035,0.000048,0.000027,0.000045,-0.000019,0.000005
3712076174.700000,0.156688,0.029817,0.001538,0.161822,0.028714,0.001592,0.169785,0.029650,0.001672,0.162786,0.029399,0.001601,144.614983,-36.875857,2.151756,108.168397,-77.226577,-1.833263,146.528928,-49.688007,3.618542,207.479082,7.946018,-3.007441,0.000047,-0.000035,3712076174.700000,69.583168,-1.506464,-36.066189,-59.475887,-33.813259,61.583427,69.787781,-1.503775,0.000021,0.000017,-0.000016,-0.000009,-0.000021,0.000012,0.000009,-0.000010,50.000072,-0.000035,3712076174.700000,69.560028,-1.613001,-36.150467,-59.401327,-33.700282,61.621590,69.764774,-1.615019,0.000005,-0.000043,0.000055,-0.000056,0.000026,-0.000039,-0.000007,0.000010,50.000025,0.000000,72.500000,0.234476,6.950649,5.897585,-3.675881,-6.195135,-3.302709,0.000011,-0.000043,-0.000058,-0.000004,-0.000007,-0.000003
3712076174.720000,0.156465,0.028089,0.001539,0.160042,0.028523,0.001575,0.171933,0.033044,0.001687,0.162840,0.029899,0.001600,156.787497,36.314416,1.423571,101.525089,-67.695856,1.456598,169.728873,-30.229131,3.186802,381.592153,215.126406,-2.184727,-0.000061,0.001360,3712076174.720000,69.582504,-1.506309,-36.066967,-59.475750,-33.815197,61.585011,69.788429,-1.503677,0.000072,-0.000010,0.000023,0.000021,-0.000025,0.000017,0.000034,0.000004,49.999939,0.001342,3712076174.720000,69.560565,-1.612943,-36.150260,-59.401943,-33.700119,61.621607,69.765075,-1.614886,0.000001,-0.000053,0.000074,-0.000063,0.000035,-0.000026,-0.000007,0.000008,50.000000,-0.000018,72.500000,-2.371289,-6.538234,-4.473818,5.317796,6.911936,1.226221,-0.000006,0.000035,0.000045,-0.000027,0.000044,-0.000018
3712076174.740000,0.154858,0.026190,0.001526,0.159727,0.029910,0.001569,0.174862,0.032142,0.001719,0.163182,0.029422,0.001605,244.594758,49.370602,2.741518,123.126293,-51.332330,1.861677,166.219243,-7.118405,-2.076688,159.558980,65.899531,1.198687,0.000072,-0.001294,3712076174.740000,69.581001,-1.507221,-36.067760,-59.475571,-33.816357,61.583641,69.787804,-1.503676,-0.000039,0.000046,0.000024,0.000041,-0.000043,-0.000016,-0.000026,0.000021,50.000092,-0.001300,3712076174.740000,69.560402,-1.612983,-36.150208,-59.401148,-33.699640,61.621858,69.764775,-1.615197,0.000036,-0.000018,0.000066,-0.000072,0.000038,-0.000032,0.000006,0.000019,50.000020,-0.000005,72.500000,4.275767,5.485557,2.611191,-6.440483,-6.952364,0.969475,-0.000026,-0.000022,0.000006,0.000045,-0.000051,0.000033
3712076174.760000,0.153375,0.028266,0.001507,0.161100,0.030360,0.001582,0.175374,0.029578,0.001728,0.163314,0.029401,0.001606,339.394129,140.979553,2.929625,55.249719,-50.847760,0.309484,101.707828,-52.317341,-1.367100,98.548890,63.288562,-0.600125,-0.000045,0.000660,3712076174.760000,69.582207,-1.508037,-36.067280,-59.476826,-33.816792,61.581970,69.788078,-1.503197,0.000007,0.000064,0.000030,-0.000012,-0.000021,-0.000023,-0.000013,0.000030,49.999958,0.000647,3712076174.760000,69.560193,-1.612458,-36.150346,-59.401662,-33.700337,61.622099,69.765062,-1.614815,0.000003,-0.000027,0.000051,-0.000042,0.000038,-0.000052,-0.000017,0.000010,50.000003,-0.000013,72.500000,-5.761428,-3.895394,-0.493551,6.932199,6.312881,-3.069746,0.000041,0.000024,-0.000019,0.000003,-0.000003,-0.000053
3712076174.780000,0.153855,0.030638,0.001508,0.162551,0.029335,0.001599,0.172158,0.028602,0.001697,0.162867,0.029523,0.001601,133.963922,100.925092,0.631942,166.498164,-5.333064,2.051795,112.979312,-70.358552,1.894507,83.568957,-1.963570,0.871062,-0.000025,-0.001577,3712076174.780000,69.583748,-1.508482,-36.066055,-59.476215,-33.814644,61.582638,69.788048,-1.503825,-0.000007,-0.000078,-0.000044,0.000042,0.000004,0.000021,-0.000023,-0.000038,49.999985,-0.001582,3712076174.780000,69.560083,-1.612884,-36.150483,-59.401059,-33.700425,61.622321,69.764953,-1.615109,-0.000026,-0.000029,0.000061,0.000021,0.000061,-0.000035,-0.000045,-0.000007,50.000009,-0.000006,72.500000,6.682781,1.924791,-1.673379,-6.745360,-5.055521,4.871297,-0.000020,0.000000,-0.000003,-0.000006,0.000004,0.000058
3712076174.800000,0.156137,0.031921,0.001528,0.162420,0.028433,0.001599,0.169723,0.029649,0.001671,0.162765,0.029996,0.001600,191.703088,14.538682,4.075077,226.495559,30.686798,-2.756301,306.073720,106.733634,3.281569,200.781806,1.555042,2.966343,-0.000035,0.002135,3712076174.800000,69.584488,-1.506782,-36.065670,-59.476120,-33.813721,61.583706,69.788353,-1.503607,-0.000039,0.000031,-0.000039,-0.000064,-0.000014,0.000027,0.000024,0.000002,49.999985,0.002135,3712076174.800000,69.559900,-1.612600,-36.150441,-59.401489,-33.700782,61.621848,69.764932,-1.614749,-0.000001,-0.000044,0.000046,0.000034,0.000005,-0.000014,-0.000023,-0.000006,50.000020,0.000000,72.500000,-6.951227,0.234623,3.674902,5.898003,3.301983,-6.194644,0.000015,-0.000020,0.000006,0.000022,-0.000040,-0.000006
3712076174.820000,0.156432,0.028809,0.001537,0.159236,0.027858,0.001568,0.171894,0.031606,0.001689,0.162552,0.029437,0.001598,162.266605,-34.842274,2.758088,17.679496,5.001001,0.165676,128.794171,-58.318747,-4.091363,69.651326,-53.086349,0.670824,-0.000001,-0.000741,3712076174.820000,69.582863,-1.506656,-36.067253,-59.474728,-33.814919,61.584393,69.788078,-1.504022,0.000027,0.000035,-0.000029,0.000058,-0.000024,-0.000004,0.000012,-0.000022,50.000008,-0.000755,3712076174.820000,69.560425,-1.613162,-36.150370,-59.401568,-33.700180,61.621954,69.765048,-1.615094,-0.000017,-0.000066,-0.000018,0.000059,0.000025,0.000052,-0.000009,-0.000053,50.000009,-0.000015,72.500000,6.537930,-2.371400,-5.318570,-4.474061,-1.226705,6.911332,-0.000033,0.000031,-0.000031,-0.000027,0.000043,-0.000017
3712076174.840000,0.154818,0.026834,0.001525,0.159887,0.027841,0.001574,0.174817,0.031879,0.001719,0.163209,0.028860,0.001606,229.319459,45.517995,2.397517,866.229146,667.707490,-2.958609,144.205541,-27.651972,-4.317915,936.286329,909.651454,0.712824,0.000053,0.000561,3712076174.840000,69.581154,-1.506912,-36.066826,-59.474861,-33.816929,61.583538,69.787560,-1.503240,0.000047,-0.000010,-0.000059,-0.000047,-0.000015,-0.000025,0.000025,-0.000012,50.000080,0.000548,3712076174.840000,69.560110,-1.612557,-36.150343,-59.401472,-33.700299,61.621920,69.764921,-1.614860,-0.000028,-0.000017,0.000009,0.000005,-0.000023,0.000032,0.000001,-0.000003,50.000028,-0.000013,72.500000,-5.484901,4.275573,6.440479,2.611233,-0.968699,-6.952610,0.000022,-0.000042,0.000034,0.000005,-0.000018,0.000038
3712076174.860000,0.152882,0.027377,0.001504,0.160745,0.029971,0.001579,0.175081,0.029040,0.001726,0.162933,0.028793,0.001603,76.762396,57.977965,-0.402988,45.880557,-4.000858,5.812364,133.037576,-54.634925,-4.041434,124.065417,-30.357927,-1.609734,-0.000060,-0.001576,3712076174.860000,69.581856,-1.508491,-36.067333,-59.476475,-33.816471,61.581989,69.787819,-1.503518,-0.000087,-0.000046,-0.000055,0.000003,-0.000017,-0.000023,-0.000023,-0.000015,49.999931,-0.001596,3712076174.860000,69.560465,-1.612692,-36.150368,-59.401646,-33.700325,61.622380,69.765231,-1.614953,-0.000039,-0.000049,-0.000052,-0.000023,-0.000015,0.000061,0.000022,-0.000033,49.999992,-0.000020,72.500000,3.895273,-5.760952,-6.932329,-0.493075,3.070057,6.313456,-0.000031,0.000055,-0.000026,0.000009,0.000024,-0.000055
3712076174.880000,0.153645,0.029812,0.001507,0.162977,0.030018,0.001602,0.172090,0.026984,0.001699,0.162911,0.028932,0.001603,150.452308,11.275546,1.582194,244.743667,222.455473,-0.576207,117.344528,-75.420374,-4.012747,128.537452,21.635554,1.223787,-0.000004,0.000581,3712076174.880000,69.582886,-1.508166,-36.066250,-59.476753,-33.814480,61.581337,69.787544,-1.503516,0.000030,-0.000043,0.000027,-0.000051,-0.000015,-0.000017,0.000023,0.000013,50.000015,0.000580,3712076174.880000,69.559797,-1.612546,-36.150613,-59.401081,-33.700687,61.622084,69.764860,-1.614915,-0.000039,-0.000026,0.000016,-0.000009,-0.000015,0.000092,0.000016,-0.000014,50.000019,-0.000001,72.500000,-1.924985,6.683335,6.744802,-1.673143,-4.871274,-5.054800,0.000023,-0.000035,-0.000002,-0.000010,0.000020,0.000028
3712076174.900000,0.155592,0.031207,0.001524,0.161854,0.029333,0.001592,0.169297,0.029150,0.001667,0.162258,0.029892,0.001595,120.755814,-38.511289,4.647200,160.457164,24.194181,1.583773,127.172913,-68.808424,-2.556325,164.448833,-34.660124,2.929124,-0.000083,0.000553,3712076174.900000,69.584145,-1.507318,-36.066746,-59.476730,-33.813396,61.583607,69.788513,-1.504071,-0.000022,0.000016,0.000055,0.000034,0.000018,-0.000020,-0.000016,0.000009,49.999912,0.000546,3712076174.900000,69.560059,-1.612863,-36.150754,-59.401831,-33.700839,61.621940,69.765172,-1.614869,-0.000024,-0.000038,0.000027,-0.000045,-0.000014,0.000086,0.000027,-0.000008,49.999995,-0.000006,72.500000,-0.235292,-6.950922,-5.898483,3.675315,6.193936,3.302522,-0.000033,0.000031,0.000007,-0.000008,-0.000013,-0.000022
3712076174.920000,0.155967,0.028351,0.001533,0.161373,0.029648,0.001586,0.171597,0.032034,0.001686,0.163008,0.030023,0.001602,143.494710,-35.484433,4.190855,85.525713,-3.054116,0.897934,92.968667,-68.927167,-1.187808,407.054851,215.574893,3.617339,0.000100,-0.000234,3712076174.920000,69.582222,-1.506659,-36.067005,-59.476074,-33.814991,61.584602,69.788284,-1.503741,0.000000,0.000049,0.000054,0.000019,0.000025,0.000011,-0.000022,0.000012,50.000126,-0.000238,3712076174.920000,69.560109,-1.612902,-36.150573,-59.401185,-33.700345,61.621771,69.764841,-1.615052,-0.000066,-0.000037,0.000050,-0.000032,-0.000002,0.000087,0.000005,-0.000007,50.000026,-0.000004,72.500000,2.371298,6.537923,4.473302,-5.318706,-6.911947,-1.227172,0.000031,-0.000029,-0.000020,0.000031,-0.000008,0.000033
3712076174.940000,0.154660,0.026285,0.001524,0.160393,0.031050,0.001573,0.174261,0.033141,0.001711,0.163132,0.030168,0.001603,70.819222,-46.128307,5.533639,179.050974,-20.155345,2.952431,127.714832,-66.581643,-2.460939,253.139037,113.745630,-1.768392,-0.000076,0.000620,3712076174.940000,69.580994,-1.506834,-36.068100,-59.476845,-33.816971,61.584808,69.788666,-1.503450,-0.000034,0.000009,-0.000033,0.000029,0.000019,-0.000024,-0.000019,-0.000013,49.999924,0.000599,3712076174.940000,69.560333,-1.612443,-36.150408,-59.401579,-33.700411,61.622140,69.765119,-1.614828,-0.000057,-0.000032,0.000047,-0.000028,-0.000001,0.000091,0.000008,-0.000007,49.999999,-0.000020,72.500000,-4.275367,-5.485402,-2.611294,6.440066,6.953130,-0.969285,-0.000015,0.000018,0.000000,-0.000045,-0.000007,-0.000041
3712076174.960000,0.153270,0.027876,0.001507,0.161485,0.031833,0.001583,0.173808,0.029392,0.001713,0.162876,0.029695,0.001601,79.108196,-14.918194,5.413816,140.232566,-38.031947,-2.060100,68.760508,-55.820500,0.613647,59.981450,1.731452,0.603560,0.000036,-0.002109,3712076174.960000,69.581940,-1.508157,-36.067810,-59.476818,-33.815529,61.582718,69.788078,-1.503881,-0.000059,0.000003,-0.000024,-0.000023,-0.000020,0.000035,0.000015,-0.000011,50.000042,-0.002119,3712076174.960000,69.560198,-1.612561,-36.150404,-59.400742,-33.700095,61.622435,69.764864,-1.615146,-0.000047,-0.000051,0.000050,-0.000016,0.000008,0.000092,0.000006,-0.000017,50.000005,-0.000010,72.500000,5.761284,3.896195,0.493001,-6.931851,-6.313046,3.070948,0.000006,-0.000028,0.000032,0.000051,0.000040,0.000010
3712076174.980000,0.154279,0.031684,0.001510,0.163235,0.031161,0.001602,0.171106,0.027396,0.001689,0.162868,0.030066,0.001600,110.335969,26.083967,0.995353,152.647829,19.584484,-1.529011,107.832128,-6.237120,-1.178824,90.461256,-9.209141,0.983627,-0.000068,0.001777,3712076174.980000,69.584175,-1.507747,-36.066620,-59.477581,-33.814156,61.582073,69.788429,-1.503561,0.000029,-0.000058,0.000031,-0.000044,0.000044,0.000007,0.000009,-0.000017,49.999939,0.001763,3712076174.980000,69.559780,-1.612283,-36.150597,-59.401213,-33.700878,61.622207,69.764958,-1.614766,-0.000026,-0.000044,0.000038,0.000024,0.000011,0.000046,-0.000010,-0.000019,50.000007,-0.000014,72.500000,-6.683558,-1.924703,1.672516,6.745091,5.054745,-4.870402,0.000016,0.000027,-0.000046,-0.000021,-0.000039,0.000005
3712076175.000000,0.155846,0.031262,0.001527,0.161666,0.030057,0.001588,0.169171,0.029155,0.001666,0.162241,0.030160,0.001594,168.358515,-25.513396,3.679136,114.042540,59.230872,0.792914,191.637361,-7.136029,-2.915752,88.445355,32.780912,5.554270,-0.000026,-0.001070,3712076175.000000,69.584290,-1.507368,-36.066936,-59.476387,-33.812843,61.583763,69.788452,-1.504385,0.000000,0.000052,0.000011,0.000050,0.000037,-0.000011,-0.000016,0.000000,49.999977,-0.001071,3712076175.000000,69.560161,-1.613085,-36.150488,-59.401175,-33.700363,61.622049,69.764924,-1.615131,-0.000036,-0.000060,0.000027,0.000017,-0.000036,0.000021,-0.000009,-0.000008,50.000003,-0.000002,72.500000,6.950235,-0.234824,-3.676115,-5.898340,-3.303148,6.194394,-0.000019,0.000019,0.000068,-0.000002,0.000048,-0.000013
3712076175.020000,0.156260,0.029570,0.001534,0.161090,0.030251,0.001582,0.170973,0.032819,0.001678,0.162799,0.030880,0.001598,162.592141,-28.345808,2.479391,53.812200,-18.295284,-0.567449,117.282566,115.538842,0.137350,112.165530,-42.200873,4.778150,0.000025,0.001855,3712076175.020000,69.582985,-1.506366,-36.067234,-59.476410,-33.814835,61.585354,69.788857,-1.503824,0.000049,0.000001,0.000035,0.000006,0.000041,-0.000012,-0.000009,0.000021,50.000050,0.001844,3712076175.020000,69.560024,-1.612637,-36.150345,-59.401307,-33.700408,61.621773,69.764821,-1.614859,-0.000053,-0.000043,0.000032,0.000029,0.000018,-0.000008,-0.000037,-0.000014,50.000025,-0.000011,72.500000,-6.537911,2.370794,5.318060,4.473217,1.226819,-6.912354,0.000030,-0.000032,-0.000030,0.000031,-0.000013,0.000018
3712076175.040000,0.155356,0.027483,0.001529,0.159071,0.031988,0.001558,0.174206,0.032724,0.001711,0.162908,0.030745,0.001600,29.019044,23.908136,0.147888,141.706901,26.396897,-1.335422,137.611928,-53.874518,3.882069,39.864404,-33.937936,0.258025,-0.000016,-0.000937,3712076175.040000,69.582047,-1.507077,-36.069168,-59.476753,-33.816143,61.584534,69.788956,-1.504048,-0.000050,-0.000052,0.000054,-0.000016,-0.000032,0.000004,-0.000031,-0.000019,49.999985,-0.000957,3712076175.040000,69.560543,-1.613012,-36.150223,-59.401485,-33.699709,61.622130,69.765011,-1.615181,-0.000046,-0.000036,0.000023,0.000038,0.000045,-0.000052,-0.000053,-0.000016,50.000000,-0.000020,72.500000,5.485355,-4.275331,-6.440539,-2.611289,0.969398,6.952451,-0.000033,0.000028,-0.000005,-0.000027,-0.000029,-0.000041
3712076175.060000,0.153331,0.028965,0.001505,0.160964,0.032017,0.001577,0.175161,0.028319,0.001728,0.163170,0.029765,0.001604,189.618547,-8.797921,2.883738,159.320687,129.031704,-0.627786,81.707852,-77.498149,0.552764,126.719094,-61.430122,4.078301,0.000037,0.000306,3712076175.060000,69.582466,-1.508123,-36.068214,-59.477055,-33.816151,61.581131,69.788040,-1.503501,0.000060,-0.000001,0.000058,0.000015,0.000020,-0.000007,0.000011,0.000021,50.000061,0.000306,3712076175.060000,69.559969,-1.612410,-36.150404,-59.401074,-33.700125,61.622033,69.764773,-1.614964,-0.000064,-0.000015,0.000017,0.000020,0.000059,-0.000070,-0.000060,-0.000009,50.000024,-0.000000,72.500000,-3.895552,5.761577,6.931998,0.493254,-3.070113,-6.312225,0.000037,-0.000021,0.000011,0.000028,0.000034,0.000025
3712076175.080000,0.153276,0.031085,0.001501,0.161516,0.030308,0.001586,0.172630,0.027395,0.001704,0.162476,0.029581,0.001597,134.557736,-35.054456,4.408412,115.276661,60.850732,-0.792559,66.570479,-63.007498,-0.355140,81.573743,-61.712278,5.391829,-0.000088,-0.000713,3712076175.080000,69.584122,-1.508874,-36.067219,-59.476925,-33.814705,61.581604,69.788277,-1.503983,-0.000001,0.000027,0.000042,0.000025,0.000014,-0.000037,-0.000018,0.000014,49.999905,-0.000729,3712076175.080000,69.560156,-1.612794,-36.150561,-59.401636,-33.700477,61.622260,69.765148,-1.614980,-0.000040,-0.000014,0.000008,0.000030,0.000071,-0.000082,-0.000058,-0.000014,49.999993,-0.000016,72.500000,1.923829,-6.683005,-6.745707,1.673047,4.870077,5.055343,-0.000018,0.000014,-0.000023,-0.000007,-0.000026,0.000009
3712076175.100000,0.156013,0.030797,0.001529,0.161804,0.028006,0.001593,0.170491,0.029306,0.001679,0.162782,0.029366,0.001601,102.522299,9.435120,-5.263738,129.101609,11.483940,1.309433,148.907155,-40.221005,2.373591,97.230536,-50.040753,1.261422,0.000056,-0.000041,3712076175.100000,69.583603,-1.507030,-36.066021,-59.475368,-33.813740,61.583096,69.787727,-1.503809,-0.000036,-0.000037,-0.000044,0.000008,-0.000014,0.000053,0.000001,-0.000028,50.000084,-0.000041,3712076175.100000,69.559795,-1.612939,-36.150619,-59.401189,-33.700400,61.621733,69.764743,-1.615054,-0.000046,0.000010,-0.000003,0.000040,0.000079,-0.000047,-0.000053,-0.000019,50.000027,0.000000,72.500000,0.234724,6.950699,5.897717,-3.675924,-6.194887,-3.302547,0.000026,-0.000005,0.000023,-0.000016,0.000027,-0.000022
3712076175.120000,0.156592,0.028296,0.001540,0.158948,0.028303,0.001564,0.172074,0.032314,0.001690,0.162568,0.029647,0.001598,352.897217,156.561396,-2.821919,81.522032,27.080907,-0.696061,78.321008,-69.561224,0.664525,126.948040,-51.841540,4.307219,-0.000086,0.000558,3712076175.120000,69.582352,-1.506028,-36.067776,-59.475056,-33.815342,61.584755,69.788261,-1.503847,0.000069,0.000013,0.000032,-0.000025,0.000030,0.000012,0.000001,0.000020,49.999916,0.000546,3712076175.120000,69.560267,-1.612721,-36.150510,-59.401766,-33.700335,61.621897,69.765085,-1.614900,-0.000027,0.000004,0.000032,0.000001,0.000101,-0.000028,-0.000040,-0.000014,50.000002,-0.000011,72.500000,-2.371453,-6.538298,-4.473880,5.317842,6.911716,1.226189,-0.000052,0.000020,-0.000028,0.000022,-0.000016,0.000035
3712076175.140000,0.154905,0.027316,0.001525,0.158367,0.028630,0.001557,0.174515,0.031495,0.001716,0.162634,0.029155,0.001600,157.142559,-32.657054,-2.425311,216.514106,18.366478,-3.403215,65.889346,-64.824674,0.199236,96.222685,-57.479416,1.266355,0.000049,-0.000928,3712076175.140000,69.581657,-1.507255,-36.068176,-59.474575,-33.816090,61.583313,69.787666,-1.503996,0.000022,0.000012,0.000024,-0.000023,0.000024,0.000010,0.000010,-0.000012,50.000069,-0.000940,3712076175.140000,69.560277,-1.612895,-36.150406,-59.401326,-33.699735,61.621851,69.764831,-1.615167,-0.000036,0.000007,-0.000024,0.000014,0.000072,0.000015,-0.000020,-0.000030,50.000020,-0.000012,72.500000,4.275908,5.485450,2.611024,-6.440579,-6.952327,0.969379,0.000032,-0.000049,0.000009,0.000004,0.000004,-0.000019
3712076175.160000,0.152270,0.029358,0.001494,0.160872,0.030067,0.001580,0.174226,0.028713,0.001718,0.162479,0.029373,0.001598,141.697480,12.400236,-4.826320,183.542989,-13.863165,-2.806376,58.255779,-34.327203,-0.589296,42.925440,-39.385094,-0.219702,-0.000068,0.001289,3712076175.160000,69.582870,-1.508847,-36.067398,-59.476582,-33.815956,61.581978,69.788109,-1.503784,-0.000019,-0.000033,0.000031,-0.000015,0.000054,-0.000002,-0.000012,-0.000019,49.999931,0.001269,3712076175.160000,69.560117,-1.612322,-36.150464,-59.401656,-33.700420,61.622295,69.765125,-1.614814,-0.000031,0.000013,-0.000028,0.000028,0.000069,0.000043,-0.000013,-0.000036,49.999999,-0.000021,72.500000,-5.761400,-3.895252,-0.493292,6.932272,6.312977,-3.069738,-0.000041,0.000047,-0.000028,-0.000001,-0.000005,-0.000008
3712076175.180000,0.152899,0.028852,0.001501,0.161799,0.031029,0.001588,0.172057,0.027202,0.001699,0.162261,0.029019,0.001596,85.253654,19.699329,5.505598,115.551572,-57.327446,-4.531997,141.905716,-25.431601,-1.882715,127.003871,-43.654794,4.447046,0.000029,-0.001302,3712076175.180000,69.582520,-1.508840,-36.067360,-59.476929,-33.814034,61.581921,69.787750,-1.504259,-0.000052,0.000012,-0.000009,-0.000028,0.000033,-0.000036,-0.000027,0.000008,50.000031,-0.001315,3712076175.180000,69.560106,-1.612838,-36.150529,-59.401157,-33.700209,61.622509,69.765015,-1.615184,-0.000038,-0.000023,-0.000061,0.000033,0.000032,0.000057,-0.000001,-0.000050,50.000001,-0.000013,72.500000,6.682704,1.924774,-1.673628,-6.745240,-5.055542,4.871311,0.000021,-0.000059,0.000016,-0.000020,0.000001,0.000015
3712076175.200000,0.155416,0.029847,0.001525,0.161792,0.029470,0.001591,0.170578,0.029127,0.001680,0.162613,0.029479,0.001599,239.711753,51.794054,-2.505442,47.611166,-40.556988,-0.324893,169.197281,-16.393979,2.340591,145.809503,-18.675416,1.860523,-0.000025,0.002239,3712076175.200000,69.583031,-1.506982,-36.066772,-59.476574,-33.813992,61.583183,69.788078,-1.503751,0.000038,0.000014,-0.000033,0.000013,-0.000037,0.000016,0.000025,0.000006,49.999989,0.002239,3712076175.200000,69.559890,-1.612614,-36.150678,-59.401625,-33.700638,61.621972,69.765019,-1.614861,-0.000025,0.000007,-0.000059,0.000003,0.000045,0.000019,-0.000002,-0.000031,50.000014,-0.000000,72.500000,-6.951018,0.234495,3.675214,5.897842,3.302049,-6.194645,-0.000011,0.000079,-0.000013,0.000005,0.000003,-0.000013
3712076175.220000,0.155559,0.027868,0.001530,0.159561,0.028433,0.001570,0.171786,0.031338,0.001689,0.162333,0.029221,0.001597,177.553722,-18.576171,3.557653,138.530084,-61.461838,3.165693,156.657705,-6.026349,1.879517,144.570166,-40.340680,2.233523,0.000004,-0.001728,3712076175.220000,69.582298,-1.507231,-36.067421,-59.475288,-33.814583,61.584381,69.788017,-1.504264,0.000026,0.000032,0.000032,0.000008,-0.000040,0.000018,0.000017,0.000020,50.000008,-0.001744,3712076175.220000,69.560526,-1.613255,-36.150465,-59.401705,-33.699972,61.622087,69.765141,-1.615212,-0.000045,-0.000023,-0.000083,-0.000019,0.000032,0.000034,0.000009,-0.000043,50.000004,-0.000016,72.500000,6.537723,-2.371392,-5.318775,-4.473939,-1.226706,6.911312,-0.000011,-0.000056,-0.000009,0.000014,0.000027,0.000046
3712076175.240000,0.155122,0.026206,0.001529,0.159684,0.028778,0.001570,0.174729,0.032051,0.001717,0.163212,0.029018,0.001606,25.649217,-4.046865,-0.259291,116.272687,-82.712652,3.513991,211.867216,12.845071,-3.333730,173.714489,-15.323729,2.446544,0.000044,0.001226,3712076175.240000,69.580902,-1.506836,-36.067425,-59.475494,-33.816566,61.583645,69.787727,-1.503403,-0.000004,0.000031,0.000007,0.000013,-0.000031,-0.000025,-0.000012,0.000021,50.000069,0.001214,3712076175.240000,69.560288,-1.612781,-36.150381,-59.401684,-33.699954,61.621879,69.764979,-1.615004,-0.000012,0.000030,-0.000064,-0.000056,0.000023,0.000027,0.000027,-0.000010,50.000025,-0.000012,72.500000,-5.484762,4.275630,6.440604,2.611145,-0.968794,-6.952475,0.000052,0.000025,0.000042,-0.000047,-0.000027,-0.000012
3712076175.260000,0.153596,0.026665,0.001512,0.159767,0.030514,0.001568,0.174407,0.029404,0.001719,0.162619,0.028860,0.001600,81.276154,79.893850,-0.111342,84.174295,-73.714816,-0.815010,152.627566,52.618838,-1.237112,20.916046,-20.077781,-0.065583,-0.000080,-0.001445,3712076175.260000,69.581627,-1.508042,-36.068199,-59.476402,-33.815754,61.582634,69.787933,-1.503944,0.000042,0.000017,-0.000018,-0.000011,0.000009,-0.000028,0.000024,0.000004,49.999916,-0.001463,3712076175.260000,69.560718,-1.612848,-36.150384,-59.401648,-33.699944,61.622548,69.765303,-1.615147,0.000022,0.000012,-0.000017,-0.000079,0.000019,-0.000001,0.000030,0.000007,49.999996,-0.000018,72.500000,3.895080,-5.761030,-6.932454,-0.493160,3.070072,6.313070,-0.000005,-0.000028,-0.000005,0.000023,0.000029,-0.000005
3712076175.280000,0.154161,0.028875,0.001514,0.162354,0.030432,0.001595,0.172087,0.026554,0.001700,0.162875,0.028615,0.001603,217.419858,18.761005,-3.363990,51.145899,-50.508585,0.114475,143.716060,-26.034900,1.928794,112.457279,40.908060,-0.913945,0.000046,0.000279,3712076175.280000,69.582542,-1.507822,-36.066856,-59.476963,-33.814060,61.580990,69.787422,-1.503605,-0.000031,-0.000007,-0.000000,-0.000025,0.000017,0.000026,0.000018,-0.000003,50.000076,0.000279,3712076175.280000,69.560094,-1.612711,-36.150647,-59.401301,-33.700373,61.622023,69.764959,-1.615024,0.000024,0.000012,-0.000006,-0.000051,0.000025,-0.000034,0.000010,0.000009,50.000030,0.000000,72.500000,-1.924602,6.683288,6.745105,-1.673069,-4.871076,-5.054524,-0.000020,0.000028,-0.000006,-0.000038,-0.000035,-0.000001
3712076175.300000,0.155553,0.029549,0.001527,0.161525,0.029408,0.001588,0.169873,0.029660,0.001672,0.162339,0.029541,0.001596,48.043535,-14.576157,0.500518,83.501497,-72.455374,0.813050,122.685916,-42.144197,1.718644,62.215938,-43.350904,-0.601968,-0.000120,0.001016,3712076175.300000,69.583313,-1.507271,-36.066978,-59.476910,-33.813690,61.583626,69.788383,-1.504010,0.000008,0.000035,0.000016,0.000005,0.000015,0.000024,0.000005,0.000014,49.999882,0.001012,3712076175.300000,69.560376,-1.613045,-36.150752,-59.402091,-33.700656,61.621812,69.765285,-1.614917,0.000027,0.000031,0.000052,-0.000029,0.000037,-0.000031,-0.000006,0.000025,50.000001,-0.000004,72.500000,-0.235596,-6.950721,-5.898741,3.675424,6.193798,3.302480,0.000021,-0.000025,0.000009,-0.000009,0.000036,-0.000003
3712076175.320000,0.156234,0.027101,0.001538,0.160378,0.028113,0.001579,0.170772,0.032145,0.001677,0.162484,0.029133,0.001598,63.322056,-52.859796,-0.513413,27.858091,-7.251496,0.280210,95.981278,-18.570092,-1.097852,206.864110,206.476435,0.072324,0.000096,-0.000695,3712076175.320000,69.581589,-1.506573,-36.066879,-59.475342,-33.814243,61.584618,69.787720,-1.504017,0.000036,0.000003,0.000014,0.000024,0.000009,-0.000037,0.000001,0.000017,50.000126,-0.000696,3712076175.320000,69.560337,-1.613182,-36.150566,-59.401628,-33.700090,61.621427,69.764902,-1.615085,0.000063,0.000043,0.000021,0.000021,0.000046,-0.000011,0.000001,0.000006,50.000030,-0.000001,72.500000,2.371496,6.537606,4.473418,-5.319020,-6.911827,-1.227321,-0.000053,0.000040,0.000007,0.000014,-0.000012,0.000011
3712076175.340000,0.155158,0.026370,0.001529,0.159350,0.029094,0.001566,0.174743,0.031597,0.001718,0.163119,0.029031,0.001605,128.209773,-49.755195,-1.970792,242.929976,174.747881,1.068157,64.435738,-46.331314,0.621217,1424.636154,1300.301020,1.782125,-0.000023,0.000844,3712076175.340000,69.581345,-1.506711,-36.067875,-59.475994,-33.816769,61.583221,69.788010,-1.503280,0.000001,-0.000027,0.000043,-0.000024,0.000037,0.000002,-0.000009,0.000019,49.999981,0.000826,3712076175.340000,69.560617,-1.612660,-36.150482,-59.402139,-33.700249,61.621769,69.765254,-1.614813,0.000049,0.000024,0.000000,-0.000018,0.000058,-0.000036,0.000001,0.000000,50.000004,-0.000018,72.500000,-4.275394,-5.485088,-2.611296,6.440470,6.953023,-0.969064,0.000009,-0.000086,-0.000040,-0.000005,-0.000017,0.000009
3712076175.360000,0.152194,0.027529,0.001497,0.160852,0.030428,0.001579,0.175700,0.028871,0.001733,0.162946,0.028948,0.001603,125.018855,66.459569,0.845715,146.288732,-30.263978,-2.058633,163.412609,-36.518361,3.081963,200.865663,0.952785,3.082697,-0.000005,-0.001862,3712076175.360000,69.582077,-1.509184,-36.067482,-59.476578,-33.816532,61.581276,69.787758,-1.503639,0.000035,0.000035,0.000038,-0.000021,-0.000019,0.000031,0.000028,0.000011,50.000008,-0.001868,3712076175.360000,69.560591,-1.612877,-36.150365,-59.401470,-33.700040,61.621992,69.765062,-1.615061,0.000030,-0.000002,0.000001,0.000063,0.000033,-0.000047,-0.000027,-0.000013,50.000013,-0.000006,72.500000,5.761079,3.895728,0.492782,-6.932366,-6.313181,3.070606,0.000027,0.000047,0.000087,0.000014,-0.000008,0.000021
3712076175.380000,0.153120,0.029725,0.001502,0.162995,0.029541,0.001603,0.171314,0.027710,0.001690,0.162489,0.028988,0.001599,169.863520,-29.396876,3.330728,116.519396,-43.456920,-1.604374,193.151592,24.950996,-2.057794,177.354476,1.354696,4.128085,-0.000058,0.001259,3712076175.380000,69.583107,-1.508492,-36.066109,-59.477345,-33.814465,61.581902,69.787926,-1.503584,-0.000034,0.000009,0.000029,0.000009,-0.000039,-0.000009,-0.000015,0.000019,49.999947,0.001248,3712076175.380000,69.560087,-1.612514,-36.150708,-59.401916,-33.700983,61.621896,69.765210,-1.614676,0.000045,-0.000022,-0.000017,0.000051,0.000021,-0.000024,-0.000007,-0.000023,50.000005,-0.000011,72.500000,-6.683212,-1.924333,1.672884,6.745683,5.055098,-4.870063,-0.000014,-0.000040,-0.000049,0.000025,0.000039,-0.000032
3712076175.400000,0.156958,0.029695,0.001541,0.161662,0.027486,0.001593,0.168486,0.028396,0.001661,0.162380,0.028519,0.001598,131.320576,-43.137836,1.931320,83.631461,-64.439372,-0.926757,45.628193,-30.350511,-0.411130,132.026614,-64.189261,3.680075,0.000015,-0.000942,3712076175.400000,69.583382,-1.506622,-36.065975,-59.475601,-33.812408,61.583286,69.787544,-1.504036,0.000010,0.000037,0.000011,0.000029,0.000018,-0.000019,-0.000007,0.000015,50.000015,-0.000947,3712076175.400000,69.560322,-1.613370,-36.150729,-59.401750,-33.700532,61.621850,69.765155,-1.615118,0.000055,-0.000039,-0.000047,0.000074,0.000035,-0.000015,-0.000005,-0.000046,50.000001,-0.000005,72.500000,6.949883,-0.234922,-3.676618,-5.898532,-3.303593,6.194336,-0.000004,0.000022,0.000029,-0.000022,-0.000016,0.000000
3712076175.420000,0.156641,0.028056,0.001541,0.160992,0.026332,0.001588,0.170685,0.030535,0.001679,0.162793,0.028316,0.001603,170.497535,-10.430005,-2.235274,102.625240,-52.214571,-1.386487,218.239353,52.162899,4.216701,152.087293,-43.101675,3.658465,0.000010,0.001458,3712076175.420000,69.582062,-1.506232,-36.065838,-59.474987,-33.814442,61.583599,69.787338,-1.503435,-0.000082,-0.000022,0.000030,0.000025,-0.000043,0.000006,-0.000012,0.000019,50.000031,0.001451,3712076175.420000,69.560142,-1.612994,-36.150721,-59.401997,-33.700701,61.621472,69.765084,-1.614837,0.000076,-0.000057,-0.000039,0.000071,0.000010,-0.000027,0.000002,-0.000040,50.000021,-0.000007,72.500000,-6.537493,2.370919,5.318532,4.473350,1.227270,-6.912247,0.000016,-0.000020,0.000016,0.000019,0.000017,-0.000003
3712076175.440000,0.154621,0.025221,0.001525,0.159355,0.029152,0.001566,0.174033,0.030715,0.001713,0.162702,0.028371,0.001602,74.381427,10.760900,-0.714420,70.909639,-39.482676,-0.776510,125.477843,95.137810,-0.594384,41.511538,-41.042969,-0.081023,-0.000023,-0.001561,3712076175.440000,69.580894,-1.507321,-36.067799,-59.475704,-33.815853,61.583313,69.787636,-1.503788,0.000002,-0.000077,0.000018,0.000031,0.000024,-0.000083,-0.000009,-0.000021,49.999973,-0.001575,3712076175.440000,69.560971,-1.613045,-36.150380,-59.401817,-33.699976,61.622214,69.765344,-1.615119,0.000047,-0.000051,-0.000015,0.000058,0.000034,-0.000029,-0.000013,-0.000036,49.999996,-0.000014,72.500000,5.485068,-4.275442,-6.440783,-2.611492,0.969240,6.952529,-0.000007,0.000029,-0.000020,0.000001,-0.000026,-0.000004
3712076175.460000,0.153386,0.027587,0.001509,0.161013,0.031247,0.001579,0.174571,0.027757,0.001723,0.163010,0.028866,0.001604,16.556272,0.329752,0.165446,61.218562,-47.319573,-0.541729,363.344529,343.455134,0.570749,99.189618,78.702892,0.455523,0.000005,0.000461,3712076175.460000,69.581909,-1.508054,-36.067963,-59.477036,-33.815834,61.580978,69.787712,-1.503475,0.000065,0.000036,0.000005,0.000035,-0.000032,0.000054,0.000032,-0.000009,50.000027,0.000459,3712076175.460000,69.560366,-1.612581,-36.150552,-59.401439,-33.700310,61.622056,69.765073,-1.614954,0.000070,0.000025,-0.000026,0.000062,0.000001,0.000014,0.000014,-0.000012,50.000022,-0.000002,72.500000,-3.895343,5.761627,6.932321,0.493337,-3.069976,-6.312346,0.000018,-0.000024,-0.000019,-0.000010,0.000036,-0.000025
3712076175.480000,0.153536,0.029332,0.001507,0.161753,0.030261,0.001589,0.171637,0.026617,0.001695,0.162317,0.028733,0.001597,202.765247,131.876214,1.060463,135.001312,-57.466993,-2.425342,152.854068,-40.304913,-2.533800,134.519975,-26.633776,4.526423,-0.000078,-0.000266,3712076175.480000,69.583199,-1.508389,-36.067287,-59.477142,-33.813953,61.581604,69.787926,-1.504021,0.000060,0.000023,0.000032,-0.000005,-0.000013,-0.000012,-0.000028,0.000009,49.999916,-0.000287,3712076175.480000,69.560443,-1.612767,-36.150796,-59.401791,-33.700530,61.622441,69.765388,-1.615028,0.000021,-0.000018,-0.000049,0.000058,0.000030,0.000004,-0.000005,-0.000039,49.999994,-0.000021,72.500000,1.923728,-6.683013,-6.745863,1.673048,4.870035,5.055386,0.000019,0.000013,0.000038,0.000025,-0.000051,0.000021
3712076175.500000,0.156489,0.029393,0.001537,0.162236,0.028002,0.001598,0.169419,0.029568,0.001668,0.162731,0.028987,0.001601,657.495858,512.749679,-1.962973,128.528511,-63.510897,-2.361593,211.484777,21.897321,-2.523355,131.772924,-27.031015,-1.711015,0.000045,0.000581,3712076175.500000,69.582909,-1.506495,-36.065891,-59.475842,-33.813118,61.583672,69.787674,-1.503790,0.000033,0.000019,0.000024,0.000003,0.000042,-0.000034,-0.000019,-0.000004,50.000076,0.000581,3712076175.500000,69.560066,-1.612954,-36.150752,-59.401506,-33.700388,61.621764,69.764954,-1.615054,-0.000005,0.000004,-0.000052,0.000042,-0.000012,0.000042,0.000009,-0.000024,50.000032,0.000000,72.500000,0.234734,6.950685,5.897811,-3.675913,-6.194901,-3.302573,0.000033,-0.000002,-0.000045,-0.000022,0.000033,0.000001
3712076175.520000,0.155746,0.027595,0.001533,0.160096,0.028716,0.001575,0.171244,0.033471,0.001679,0.162386,0.029944,0.001596,223.321024,57.496449,2.069552,113.850214,-68.245832,-1.883471,218.337723,83.667440,-1.678197,194.563132,13.066389,-2.300244,-0.000089,0.001146,3712076175.520000,69.582329,-1.506576,-36.067116,-59.476048,-33.814922,61.585804,69.788666,-1.503970,-0.000044,0.000016,0.000011,0.000017,0.000038,0.000061,-0.000023,-0.000015,49.999916,0.001131,3712076175.520000,69.560743,-1.612772,-36.150351,-59.402118,-33.700184,61.621871,69.765287,-1.614852,0.000023,0.000020,-0.000060,0.000016,-0.000035,0.000017,0.000024,-0.000006,50.000005,-0.000015,72.500000,-2.371550,-6.538429,-4.474132,5.317744,6.911556,1.226112,-0.000012,-0.000011,0.000043,-0.000002,-0.000005,-0.000008
3712076175.540000,0.154252,0.025258,0.001522,0.159226,0.029365,0.001565,0.174651,0.032673,0.001715,0.162738,0.029104,0.001601,276.113948,91.091733,-3.821371,135.616058,-62.650149,3.499465,82.385794,29.242633,5.592011,172.721128,112.003362,0.936918,0.000098,-0.001060,3712076175.540000,69.580650,-1.507459,-36.067818,-59.475422,-33.816315,61.584118,69.787781,-1.503889,-0.000034,-0.000030,0.000021,0.000010,-0.000057,0.000008,0.000007,0.000028,50.000118,-0.001076,3712076175.540000,69.560707,-1.612917,-36.150221,-59.401470,-33.699613,61.621902,69.764979,-1.615140,0.000004,0.000024,-0.000063,-0.000004,-0.000038,-0.000023,0.000013,0.000005,50.000020,-0.000016,72.500000,4.276031,5.485466,2.611318,-6.440604,-6.952237,0.969224,0.000000,0.000036,-0.000049,0.000035,0.000015,0.000017
3712076175.560000,0.153695,0.028130,0.001511,0.160575,0.028139,0.001581,0.174710,0.029253,0.001722,0.163026,0.028504,0.001605,193.955712,-4.671414,-3.378925,76.663622,-39.882298,0.871769,159.821826,-20.965386,4.083643,90.048665,-24.081357,-1.042399,-0.000035,0.000618,3712076175.560000,69.582222,-1.507877,-36.066662,-59.475830,-33.816341,61.581860,69.787582,-1.503242,-0.000047,-0.000019,-0.000020,-0.000030,0.000020,0.000045,0.000022,-0.000016,49.999966,0.000599,3712076175.560000,69.560297,-1.612545,-36.150457,-59.402031,-33.700378,61.621980,69.765194,-1.614783,0.000043,0.000031,-0.000060,-0.000006,-0.000061,-0.000013,0.000033,0.000014,50.000001,-0.000019,72.500000,-5.761449,-3.895111,-0.493576,6.932445,6.312855,-3.069559,-0.000030,-0.000023,0.000034,0.000003,-0.000024,-0.000000
3712076175.580000,0.154013,0.029422,0.001512,0.162112,0.027950,0.001597,0.171800,0.026145,0.001698,0.162650,0.027835,0.001602,95.429411,3.400302,-0.976176,126.294509,-12.301639,-4.811796,136.711474,-38.247219,1.976701,137.472825,-33.240304,-1.909940,-0.000007,-0.001709,3712076175.580000,69.582985,-1.508272,-36.065903,-59.475704,-33.813778,61.580971,69.786995,-1.503767,0.000069,0.000028,-0.000017,-0.000024,0.000039,-0.000019,0.000022,-0.000008,49.999996,-0.001713,3712076175.580000,69.560160,-1.612973,-36.150713,-59.401442,-33.700368,61.622179,69.765077,-1.615134,0.000015,0.000070,-0.000029,0.000016,-0.000053,-0.000045,0.000001,0.000035,50.000003,-0.000004,72.500000,6.682725,1.924581,-1.673474,-6.745492,-5.055612,4.871027,0.000019,0.000025,-0.000012,-0.000008,0.000050,-0.000023
3712076175.600000,0.156409,0.029558,0.001536,0.161571,0.027756,0.001591,0.169711,0.029136,0.001672,0.162581,0.028818,0.001600,88.777204,-29.368165,-5.239611,110.946327,-0.750568,-5.102098,78.278679,-71.769204,0.597029,113.738027,-45.742506,-4.713084,-0.000039,0.001552,3712076175.600000,69.582962,-1.506451,-36.066166,-59.475910,-33.813751,61.583141,69.787712,-1.503571,-0.000046,-0.000031,-0.000026,-0.000007,0.000003,-0.000019,-0.000012,-0.000022,49.999973,0.001552,3712076175.600000,69.560006,-1.612830,-36.150741,-59.401949,-33.700938,61.621626,69.765112,-1.614753,-0.000070,0.000034,-0.000016,0.000021,-0.000028,-0.000062,-0.000040,0.000022,50.000012,0.000000,72.500000,-6.951124,0.234751,3.674964,5.898063,3.302193,-6.194334,-0.000037,-0.000008,-0.000006,0.000003,-0.000014,0.000047
3712076175.620000,0.156608,0.027802,0.001541,0.159855,0.027948,0.001574,0.171265,0.032998,0.001680,0.162599,0.029589,0.001599,56.722895,-54.906917,0.212426,107.163905,26.818871,0.957481,180.549644,-19.166688,-3.028919,203.646869,5.539711,3.413328,0.000001,-0.001347,3712076175.620000,69.582298,-1.506521,-36.067261,-59.475212,-33.814976,61.585579,69.788376,-1.504079,-0.000026,0.000001,0.000022,-0.000009,-0.000037,-0.000018,0.000016,0.000013,50.000004,-0.001366,3712076175.620000,69.560555,-1.613296,-36.150710,-59.401777,-33.700326,61.621977,69.765239,-1.615163,-0.000056,0.000014,0.000004,-0.000018,0.000048,0.000017,-0.000017,-0.000008,50.000003,-0.000019,72.500000,6.537794,-2.371518,-5.318559,-4.474313,-1.226790,6.911151,0.000032,0.000028,0.000026,0.000006,-0.000025,-0.000048
3712076175.640000,0.154928,0.027329,0.001525,0.160794,0.029146,0.001581,0.174220,0.032419,0.001711,0.163348,0.029637,0.001606,70.230184,-23.557888,5.507134,111.860232,17.886449,1.066880,211.940956,104.470343,1.401526,119.257013,-27.349701,1.498067,0.000026,0.001518,3712076175.640000,69.581657,-1.507105,-36.067261,-59.476192,-33.816780,61.583950,69.788277,-1.503318,-0.000052,0.000000,0.000005,-0.000021,-0.000028,0.000030,0.000017,-0.000007,50.000053,0.001509,3712076175.640000,69.560268,-1.612760,-36.150716,-59.401780,-33.700405,61.621760,69.765096,-1.614927,-0.000048,-0.000047,-0.000013,-0.000012,0.000012,0.000016,-0.000008,-0.000024,50.000028,-0.000009,72.500000,-5.484654,4.275549,6.440686,2.611208,-0.968571,-6.952617,-0.000015,-0.000032,-0.000020,-0.000005,0.000057,0.000022
3712076175.660000,0.152539,0.027650,0.001500,0.160804,0.031471,0.001577,0.174001,0.028856,0.001716,0.162473,0.029326,0.001598,248.308839,173.022426,-5.144827,76.952985,-32.670702,0.876943,132.002578,-43.452624,-1.953860,81.075971,54.542844,-5.795841,-0.000090,-0.001095,3712076175.660000,69.582199,-1.508889,-36.068413,-59.477489,-33.815842,61.582287,69.788391,-1.504023,-0.000063,-0.000022,0.000018,-0.000002,-0.000020,-0.000016,-0.000025,-0.000002,49.999905,-0.001115,3712076175.660000,69.560624,-1.612808,-36.150769,-59.401852,-33.700413,61.622431,69.765440,-1.615056,-0.000017,0.000018,0.000015,-0.000022,0.000040,-0.000022,-0.000015,0.000006,49.999995,-0.000020,72.500000,3.895121,-5.760894,-6.932403,-0.493121,3.070102,6.313250,0.000002,0.000031,0.000019,-0.000039,-0.000068,-0.000039
3712076175.680000,0.153739,0.030046,0.001508,0.163020,0.030283,0.001602,0.171440,0.026025,0.001694,0.162730,0.028771,0.001601,219.547601,84.295081,-1.685988,40.342743,-29.896413,0.324948,50.772393,-50.622503,-0.055486,295.774524,128.571422,-2.155646,0.000077,0.000106,3712076175.680000,69.583260,-1.508138,-36.066685,-59.477180,-33.813942,61.580997,69.787674,-1.503660,0.000022,-0.000047,0.000016,-0.000023,0.000021,-0.000016,0.000012,-0.000011,50.000103,0.000102,3712076175.680000,69.560007,-1.612551,-36.150949,-59.401352,-33.700786,61.622163,69.765104,-1.614953,0.000024,0.000015,0.000011,-0.000039,0.000043,-0.000031,0.000001,0.000007,50.000026,-0.000004,72.500000,-1.924706,6.683300,6.745048,-1.673086,-4.871018,-5.054615,-0.000040,-0.000047,-0.000049,0.000070,0.000037,0.000003
3712076175.700000,0.155875,0.031547,0.001526,0.162176,0.028223,0.001597,0.169672,0.029000,0.001672,0.162580,0.029593,0.001598,159.861759,29.530380,-1.523595,133.379993,-41.548483,4.328935,163.797528,3.669622,1.868523,163.092768,3.420450,-1.860231,-0.000105,0.000322,3712076175.700000,69.584732,-1.507128,-36.066029,-59.476562,-33.813602,61.583614,69.788582,-1.503771,-0.000025,-0.000001,-0.000023,0.000033,0.000013,0.000014,-0.000013,-0.000014,49.999897,0.000318,3712076175.700000,69.560407,-1.612821,-36.150751,-59.402132,-33.700844,61.622178,69.765444,-1.614842,0.000000,-0.000020,-0.000037,-0.000058,0.000009,-0.000016,0.000017,-0.000008,50.000002,-0.000004,72.500000,-0.235521,-6.950865,-5.898685,3.675300,6.193750,3.302484,0.000024,0.000034,-0.000001,-0.000076,-0.000031,0.000002
3712076175.720000,0.156724,0.028785,0.001540,0.160353,0.027312,0.001580,0.170347,0.032901,0.001671,0.162493,0.029680,0.001597,218.874944,22.497651,3.504877,80.786052,-49.309736,0.932183,295.011536,123.557210,4.062523,102.999563,3.421152,1.061380,0.000031,-0.000889,3712076175.720000,69.582909,-1.506283,-36.066475,-59.474949,-33.814289,61.585651,69.788284,-1.504028,-0.000023,0.000015,0.000004,-0.000037,-0.000043,0.000021,0.000021,0.000014,50.000061,-0.000894,3712076175.720000,69.560483,-1.612999,-36.150520,-59.401670,-33.700237,61.621799,69.765087,-1.615024,0.000013,-0.000018,-0.000054,-0.000051,0.000004,-0.000021,0.000021,-0.000011,50.000030,-0.000005,72.500000,2.371325,6.537566,4.473276,-5.318903,-6.912038,-1.227329,-0.000037,-0.000031,0.000059,0.000058,0.000045,-0.000026
3712076175.740000,0.154569,0.027438,0.001521,0.158903,0.028453,0.001563,0.173434,0.032023,0.001704,0.162335,0.029308,0.001596,70.397519,2.888412,0.708143,104.761916,-55.555304,4.825158,147.081570,9.363744,-1.555826,164.686597,-34.560149,2.946348,-0.000058,0.001263,3712076175.740000,69.582207,-1.507172,-36.067768,-59.475475,-33.816208,61.584286,69.788338,-1.503829,0.000031,0.000005,-0.000030,0.000010,-0.000040,-0.000017,-0.000012,0.000003,49.999943,0.001243,3712076175.740000,69.560748,-1.612558,-36.150406,-59.402123,-33.700412,61.622094,69.765401,-1.614767,0.000026,-0.000016,-0.000030,-0.000064,0.000015,-0.000037,0.000019,-0.000001,50.000001,-0.000019,72.500000,-4.275284,-5.485007,-2.611117,6.440397,6.953148,-0.969016,0.000041,0.000009,-0.000089,-0.000014,-0.000022,0.000020
3712076175.760000,0.151619,0.027085,0.001492,0.160057,0.030110,0.001572,0.174785,0.027415,0.001726,0.162179,0.028196,0.001597,205.083771,196.977695,0.332810,73.278365,-72.615230,-0.188237,106.607042,-57.978146,1.523092,39.584903,19.821046,0.314321,0.000040,-0.001370,3712076175.760000,69.581795,-1.509317,-36.067749,-59.475975,-33.815639,61.581032,69.787308,-1.504076,0.000049,0.000017,-0.000016,-0.000015,0.000018,0.000014,0.000020,-0.000002,50.000050,-0.001378,3712076175.760000,69.560626,-1.612667,-36.150302,-59.401326,-33.700062,61.622411,69.765146,-1.615060,0.000018,-0.000000,-0.000049,-0.000066,0.000036,-0.000041,0.000015,-0.000007,50.000010,-0.000008,72.500000,5.761251,3.895762,0.492993,-6.932250,-6.312933,3.070560,-0.000023,-0.000006,0.000093,-0.000012,0.000014,-0.000017
3712076175.780000,0.152890,0.029724,0.001500,0.161557,0.029660,0.001588,0.172016,0.026619,0.001699,0.162162,0.028659,0.001596,86.372883,-16.881510,0.966273,66.496192,-58.678044,0.491587,177.666596,61.934998,-1.426488,89.527879,-52.120323,1.107763,-0.000058,0.001907,3712076175.780000,69.583199,-1.508537,-36.066788,-59.476814,-33.814484,61.581188,69.787712,-1.503758,0.000059,0.000014,-0.000009,-0.000033,0.000002,-0.000035,0.000021,0.000011,49.999947,0.001896,3712076175.780000,69.560182,-1.612397,-36.150462,-59.401851,-33.700825,61.622154,69.765229,-1.614665,0.000054,-0.000049,-0.000058,-0.000060,0.000022,-0.000002,0.000041,-0.000029,50.000005,-0.000011,72.500000,-6.683482,-1.924226,1.672633,6.745564,5.054859,-4.870056,0.000035,0.000010,-0.000058,0.000039,0.000033,0.000021
3712076175.800000,0.155148,0.029865,0.001522,0.160772,0.027607,0.001584,0.169467,0.029660,0.001668,0.161812,0.029041,0.001592,104.163178,-44.284809,-1.367092,47.222542,-47.052998,-0.054951,174.282790,-12.912213,-2.395473,95.457888,-71.916489,-1.267696,0.000001,-0.001089,3712076175.800000,69.583717,-1.507752,-36.066273,-59.475216,-33.813129,61.584015,69.787926,-1.504477,-0.000001,-0.000042,-0.000037,-0.000025,-0.000006,-0.000047,-0.000005,-0.000017,50.000000,-0.001095,3712076175.800000,69.560567,-1.613191,-36.150434,-59.401627,-33.700348,61.622062,69.765182,-1.615081,0.000074,-0.000017,-0.000067,-0.000052,0.000042,0.000035,0.000054,-0.000034,49.999999,-0.000006,72.500000,6.950149,-0.235038,-3.676277,-5.898528,-3.303298,6.194293,-0.000033,-0.000007,0.000004,-0.000060,-0.000015,-0.000031
3712076175.820000,0.156429,0.028142,0.001539,0.160670,0.027652,0.001583,0.171031,0.032756,0.001678,0.162730,0.029527,0.001600,187.469214,33.268859,-1.851507,161.025806,-16.221324,2.131503,113.604723,-72.745624,-1.978889,141.802960,-57.209847,3.398536,0.000053,0.001757,3712076175.820000,69.582428,-1.506270,-36.066307,-59.475517,-33.814804,61.585075,69.788177,-1.503636,-0.000034,-0.000040,0.000041,-0.000019,0.000005,-0.000022,-0.000017,0.000014,50.000076,0.001754,3712076175.820000,69.560453,-1.612870,-36.150386,-59.401942,-33.700355,61.621558,69.765083,-1.614823,0.000036,-0.000016,-0.000046,-0.000029,0.000068,0.000050,0.000031,-0.000042,50.000023,-0.000004,72.500000,-6.537811,2.371035,5.318254,4.473288,1.226950,-6.912252,-0.000006,-0.000023,0.000025,0.000039,-0.000015,0.000019
3712076175.840000,0.154937,0.026765,0.001526,0.158969,0.030371,0.001560,0.174484,0.032112,0.001715,0.162829,0.029752,0.001601,143.496735,-31.367106,2.013548,100.359119,-25.261834,1.192996,107.286155,-89.109423,-4.019252,102.408265,-72.921277,-1.525394,-0.000030,-0.001873,3712076175.840000,69.581917,-1.507203,-36.068600,-59.476177,-33.816330,61.584106,69.788551,-1.503896,0.000007,0.000022,0.000007,-0.000024,-0.000008,-0.000002,-0.000008,-0.000009,49.999966,-0.001895,3712076175.840000,69.560918,-1.612942,-36.150370,-59.401791,-33.699856,61.622214,69.765298,-1.615120,0.000025,-0.000023,-0.000026,-0.000021,0.000031,0.000069,0.000033,-0.000032,49.999996,-0.000021,72.500000,5.485102,-4.275627,-6.440708,-2.611353,0.969199,6.952479,0.000006,-0.000010,-0.000002,-0.000024,0.000001,-0.000014
3712076175.860000,0.152722,0.027234,0.001503,0.161112,0.029781,0.001583,0.175337,0.028918,0.001729,0.163090,0.028643,0.001605,76.009745,70.137808,0.225062,166.668213,26.303923,1.643130,113.137090,-74.196483,-1.997140,100.835293,-28.137532,-1.215743,0.000038,0.000101,3712076175.860000,69.581650,-1.508522,-36.067123,-59.476402,-33.816380,61.581413,69.787514,-1.503409,0.000020,-0.000019,-0.000026,0.000005,0.000021,-0.000003,-0.000003,-0.000019,50.000057,0.000098,3712076175.860000,69.560360,-1.612630,-36.150470,-59.401539,-33.700103,61.621974,69.765028,-1.614976,0.000009,-0.000014,0.000006,0.000020,-0.000022,0.000079,0.000023,-0.000013,50.000020,-0.000003,72.500000,-3.895321,5.761870,6.932120,0.493379,-3.070089,-6.312353,0.000023,0.000001,0.000020,-0.000014,0.000002,0.000021
3712076175.880000,0.152698,0.028558,0.001500,0.162112,0.029481,0.001594,0.171921,0.027469,0.001697,0.162262,0.028495,0.001597,236.974332,46.476362,3.709198,129.260242,-56.193180,-2.149124,95.154297,-60.755835,-5.034643,152.692286,-39.370741,-3.793521,-0.000114,-0.000326,3712076175.880000,69.582642,-1.508725,-36.066704,-59.476658,-33.814304,61.582092,69.787697,-1.504025,-0.000058,0.000011,-0.000031,-0.000010,-0.000016,-0.000015,-0.000023,-0.000001,49.999874,-0.000345,3712076175.880000,69.560435,-1.612624,-36.150797,-59.401585,-33.700501,61.622456,69.765326,-1.615026,0.000029,-0.000028,0.000057,-0.000046,-0.000050,0.000027,0.000030,0.000025,49.999989,-0.000019,72.500000,1.923882,-6.683038,-6.745517,1.673090,4.870323,5.055568,0.000001,0.000009,-0.000006,0.000027,-0.000012,-0.000003
3712076175.900000,0.155428,0.029182,0.001526,0.161855,0.027852,0.001594,0.169930,0.028908,0.001674,0.162422,0.028649,0.001599,11.497082,-7.870532,-0.087342,151.225067,-48.599148,-3.039816,147.198575,-49.164094,2.675603,149.284790,0.849760,-1.675862,0.000067,0.000189,3712076175.900000,69.582703,-1.507185,-36.066212,-59.475376,-33.813351,61.583149,69.787415,-1.504036,0.000043,-0.000042,-0.000016,-0.000005,0.000031,-0.000006,0.000012,-0.000016,50.000092,0.000185,3712076175.900000,69.560022,-1.612925,-36.150912,-59.401260,-33.700453,61.621862,69.764934,-1.615128,0.000051,-0.000041,0.000031,0.000007,-0.000059,-0.000017,0.000014,0.000014,50.000025,-0.000004,72.500000,0.234489,6.950820,5.897397,-3.675953,-6.195185,-3.302673,0.000001,0.000012,-0.000003,-0.000047,-0.000021,0.000008
3712076175.920000,0.156130,0.027657,0.001536,0.160416,0.027598,0.001580,0.170866,0.031747,0.001679,0.162494,0.029011,0.001599,428.174931,277.331615,4.289740,102.849717,-62.831313,1.462504,59.300477,-42.960100,-0.548082,61.798325,-48.387989,-0.541665,-0.000065,0.001079,3712076175.920000,69.582108,-1.506282,-36.066742,-59.475288,-33.814568,61.584869,69.787979,-1.503838,0.000011,0.000051,-0.000001,0.000018,-0.000026,-0.000004,-0.000001,0.000016,49.999935,0.001065,3712076175.920000,69.560473,-1.612739,-36.150692,-59.401834,-33.700442,61.621982,69.765246,-1.614931,-0.000014,-0.000003,0.000047,0.000009,-0.000035,-0.000030,-0.000018,0.000026,50.000000,-0.000014,72.500000,-2.371136,-6.538462,-4.473501,5.317719,6.912031,1.226235,0.000006,-0.000002,0.000029,0.000020,0.000001,0.000007
3712076175.940000,0.154345,0.025644,0.001522,0.159690,0.029690,0.001569,0.173543,0.031279,0.001707,0.162557,0.028883,0.001599,79.740795,-31.973004,0.917535,48.205353,-36.440836,0.398454,83.611195,-79.003476,0.606637,102.525126,-72.956139,-4.753069,0.000035,-0.001021,3712076175.940000,69.580666,-1.507406,-36.068008,-59.475410,-33.815601,61.583702,69.787582,-1.504064,-0.000033,0.000003,0.000032,0.000007,-0.000002,-0.000012,-0.000013,-0.000005,50.000057,-0.001031,3712076175.940000,69.560453,-1.612879,-36.150537,-59.401116,-33.699904,61.622052,69.764937,-1.615219,-0.000025,0.000041,0.000051,-0.000009,-0.000042,-0.000040,-0.000019,0.000048,50.000022,-0.000010,72.500000,4.275741,5.485542,2.610968,-6.440449,-6.952507,0.969275,-0.000014,-0.000018,-0.000068,-0.000020,-0.000026,0.000000
